output/hallmark/output/image_vectors/americangreetings267.jpg.npy,2
output/hallmark/output/image_vectors/americangreetings220.jpg.npy,3
output/hallmark/output/image_vectors/hallmark193.jpg.npy,16
output/hallmark/output/image_vectors/americangreetings162.jpg.npy,8
output/hallmark/output/image_vectors/hallmark192.jpg.npy,11
output/hallmark/output/image_vectors/hallmark993.jpg.npy,4
output/hallmark/output/image_vectors/hallmark998.jpg.npy,16
output/hallmark/output/image_vectors/lovepopcards84.jpg.npy,12
output/hallmark/output/image_vectors/hallmark438.jpg.npy,7
output/hallmark/output/image_vectors/hallmark351.jpg.npy,1
output/hallmark/output/image_vectors/hallmark109.jpg.npy,11
output/hallmark/output/image_vectors/hallmark283.jpg.npy,1
output/hallmark/output/image_vectors/hallmark625.jpg.npy,8
output/hallmark/output/image_vectors/americangreetings224.jpg.npy,9
output/hallmark/output/image_vectors/hallmark750.jpg.npy,3
output/hallmark/output/image_vectors/hallmark688.jpg.npy,10
output/hallmark/output/image_vectors/hallmark58.jpg.npy,17
output/hallmark/output/image_vectors/hallmark119.jpg.npy,17
output/hallmark/output/image_vectors/americangreetings80.jpg.npy,8
output/hallmark/output/image_vectors/hallmark554.jpg.npy,3
output/hallmark/output/image_vectors/lovepopcards185.jpg.npy,9
output/hallmark/output/image_vectors/hallmark34.jpg.npy,4
output/hallmark/output/image_vectors/hallmark973.jpg.npy,0
output/hallmark/output/image_vectors/lovepopcards60.jpg.npy,14
output/hallmark/output/image_vectors/hallmark191.jpg.npy,2
output/hallmark/output/image_vectors/hallmark834.jpg.npy,2
output/hallmark/output/image_vectors/lovepopcards13.jpg.npy,8
output/hallmark/output/image_vectors/lovepopcards110.jpg.npy,6
output/hallmark/output/image_vectors/hallmark101.jpg.npy,0
output/hallmark/output/image_vectors/americangreetings109.jpg.npy,15
output/hallmark/output/image_vectors/lovepopcards165.jpg.npy,3
output/hallmark/output/image_vectors/hallmark190.jpg.npy,6
output/hallmark/output/image_vectors/hallmark979.jpg.npy,8
output/hallmark/output/image_vectors/americangreetings16.jpg.npy,17
output/hallmark/output/image_vectors/hallmark269.jpg.npy,12
output/hallmark/output/image_vectors/hallmark900.jpg.npy,3
output/hallmark/output/image_vectors/hallmark866.jpg.npy,11
output/hallmark/output/image_vectors/hallmark809.jpg.npy,8
output/hallmark/output/image_vectors/hallmark465.jpg.npy,5
output/hallmark/output/image_vectors/hallmark222.jpg.npy,3
output/hallmark/output/image_vectors/hallmark82.jpg.npy,4
output/hallmark/output/image_vectors/hallmark908.jpg.npy,17
output/hallmark/output/image_vectors/americangreetings53.jpg.npy,8
output/hallmark/output/image_vectors/hallmark290.jpg.npy,5
output/hallmark/output/image_vectors/hallmark655.jpg.npy,10
output/hallmark/output/image_vectors/americangreetings141.jpg.npy,15
output/hallmark/output/image_vectors/hallmark371.jpg.npy,1
output/hallmark/output/image_vectors/lovepopcards117.jpg.npy,12
output/hallmark/output/image_vectors/hallmark423.jpg.npy,16
output/hallmark/output/image_vectors/hallmark125.jpg.npy,8
output/hallmark/output/image_vectors/hallmark836.jpg.npy,16
output/hallmark/output/image_vectors/hallmark542.jpg.npy,6
output/hallmark/output/image_vectors/hallmark867.jpg.npy,10
output/hallmark/output/image_vectors/americangreetings93.jpg.npy,15
output/hallmark/output/image_vectors/hallmark960.jpg.npy,7
output/hallmark/output/image_vectors/hallmark197.jpg.npy,11
output/hallmark/output/image_vectors/americangreetings145.jpg.npy,8
output/hallmark/output/image_vectors/hallmark785.jpg.npy,5
output/hallmark/output/image_vectors/lovepopcards95.jpg.npy,6
output/hallmark/output/image_vectors/hallmark95.jpg.npy,15
output/hallmark/output/image_vectors/hallmark258.jpg.npy,1
output/hallmark/output/image_vectors/americangreetings2.jpg.npy,2
output/hallmark/output/image_vectors/hallmark14.jpg.npy,2
output/hallmark/output/image_vectors/hallmark442.jpg.npy,13
output/hallmark/output/image_vectors/hallmark627.jpg.npy,5
output/hallmark/output/image_vectors/hallmark673.jpg.npy,10
output/hallmark/output/image_vectors/americangreetings245.jpg.npy,8
output/hallmark/output/image_vectors/hallmark80.jpg.npy,17
output/hallmark/output/image_vectors/hallmark924.jpg.npy,3
output/hallmark/output/image_vectors/americangreetings81.jpg.npy,8
output/hallmark/output/image_vectors/hallmark983.jpg.npy,3
output/hallmark/output/image_vectors/lovepopcards40.jpg.npy,6
output/hallmark/output/image_vectors/hallmark367.jpg.npy,2
output/hallmark/output/image_vectors/americangreetings219.jpg.npy,15
output/hallmark/output/image_vectors/hallmark966.jpg.npy,4
output/hallmark/output/image_vectors/americangreetings255.jpg.npy,2
output/hallmark/output/image_vectors/lovepopcards15.jpg.npy,13
output/hallmark/output/image_vectors/americangreetings69.jpg.npy,3
output/hallmark/output/image_vectors/hallmark624.jpg.npy,5
output/hallmark/output/image_vectors/hallmark759.jpg.npy,15
output/hallmark/output/image_vectors/hallmark436.jpg.npy,8
output/hallmark/output/image_vectors/lovepopcards155.jpg.npy,9
output/hallmark/output/image_vectors/hallmark665.jpg.npy,10
output/hallmark/output/image_vectors/hallmark471.jpg.npy,5
output/hallmark/output/image_vectors/lovepopcards158.jpg.npy,9
output/hallmark/output/image_vectors/hallmark329.jpg.npy,4
output/hallmark/output/image_vectors/hallmark447.jpg.npy,13
output/hallmark/output/image_vectors/americangreetings14.jpg.npy,15
output/hallmark/output/image_vectors/americangreetings105.jpg.npy,12
output/hallmark/output/image_vectors/lovepopcards18.jpg.npy,13
output/hallmark/output/image_vectors/hallmark118.jpg.npy,5
output/hallmark/output/image_vectors/lovepopcards99.jpg.npy,16
output/hallmark/output/image_vectors/lovepopcards135.jpg.npy,13
output/hallmark/output/image_vectors/hallmark557.jpg.npy,16
output/hallmark/output/image_vectors/hallmark326.jpg.npy,11
output/hallmark/output/image_vectors/americangreetings228.jpg.npy,3
output/hallmark/output/image_vectors/americangreetings149.jpg.npy,15
output/hallmark/output/image_vectors/hallmark676.jpg.npy,10
output/hallmark/output/image_vectors/americangreetings71.jpg.npy,12
output/hallmark/output/image_vectors/hallmark27.jpg.npy,15
output/hallmark/output/image_vectors/hallmark319.jpg.npy,1
output/hallmark/output/image_vectors/hallmark297.jpg.npy,12
output/hallmark/output/image_vectors/americangreetings193.jpg.npy,15
output/hallmark/output/image_vectors/americangreetings45.jpg.npy,8
output/hallmark/output/image_vectors/hallmark475.jpg.npy,15
output/hallmark/output/image_vectors/americangreetings140.jpg.npy,8
output/hallmark/output/image_vectors/hallmark502.jpg.npy,6
output/hallmark/output/image_vectors/hallmark591.jpg.npy,16
output/hallmark/output/image_vectors/americangreetings33.jpg.npy,4
output/hallmark/output/image_vectors/lovepopcards9.jpg.npy,14
output/hallmark/output/image_vectors/hallmark842.jpg.npy,3
output/hallmark/output/image_vectors/hallmark348.jpg.npy,1
output/hallmark/output/image_vectors/lovepopcards53.jpg.npy,12
output/hallmark/output/image_vectors/americangreetings131.jpg.npy,1
output/hallmark/output/image_vectors/hallmark516.jpg.npy,10
output/hallmark/output/image_vectors/hallmark485.jpg.npy,2
output/hallmark/output/image_vectors/hallmark632.jpg.npy,3
output/hallmark/output/image_vectors/lovepopcards70.jpg.npy,14
output/hallmark/output/image_vectors/hallmark252.jpg.npy,7
output/hallmark/output/image_vectors/hallmark427.jpg.npy,16
output/hallmark/output/image_vectors/hallmark455.jpg.npy,8
output/hallmark/output/image_vectors/lovepopcards166.jpg.npy,12
output/hallmark/output/image_vectors/lovepopcards108.jpg.npy,9
output/hallmark/output/image_vectors/hallmark989.jpg.npy,6
output/hallmark/output/image_vectors/americangreetings19.jpg.npy,3
output/hallmark/output/image_vectors/hallmark870.jpg.npy,17
output/hallmark/output/image_vectors/hallmark355.jpg.npy,11
output/hallmark/output/image_vectors/lovepopcards149.jpg.npy,12
output/hallmark/output/image_vectors/hallmark446.jpg.npy,7
output/hallmark/output/image_vectors/hallmark572.jpg.npy,6
output/hallmark/output/image_vectors/hallmark643.jpg.npy,2
output/hallmark/output/image_vectors/hallmark403.jpg.npy,5
output/hallmark/output/image_vectors/hallmark229.jpg.npy,6
output/hallmark/output/image_vectors/lovepopcards61.jpg.npy,14
output/hallmark/output/image_vectors/americangreetings194.jpg.npy,15
output/hallmark/output/image_vectors/hallmark220.jpg.npy,16
output/hallmark/output/image_vectors/lovepopcards125.jpg.npy,10
output/hallmark/output/image_vectors/hallmark822.jpg.npy,3
output/hallmark/output/image_vectors/hallmark712.jpg.npy,17
output/hallmark/output/image_vectors/hallmark415.jpg.npy,5
output/hallmark/output/image_vectors/lovepopcards174.jpg.npy,16
output/hallmark/output/image_vectors/lovepopcards159.jpg.npy,9
output/hallmark/output/image_vectors/americangreetings7.jpg.npy,8
output/hallmark/output/image_vectors/hallmark492.jpg.npy,6
output/hallmark/output/image_vectors/lovepopcards214.jpg.npy,6
output/hallmark/output/image_vectors/americangreetings22.jpg.npy,3
output/hallmark/output/image_vectors/hallmark864.jpg.npy,8
output/hallmark/output/image_vectors/hallmark106.jpg.npy,5
output/hallmark/output/image_vectors/lovepopcards104.jpg.npy,9
output/hallmark/output/image_vectors/hallmark296.jpg.npy,5
output/hallmark/output/image_vectors/americangreetings78.jpg.npy,8
output/hallmark/output/image_vectors/lovepopcards90.jpg.npy,6
output/hallmark/output/image_vectors/lovepopcards1.jpg.npy,19
output/hallmark/output/image_vectors/americangreetings185.jpg.npy,17
output/hallmark/output/image_vectors/hallmark441.jpg.npy,4
output/hallmark/output/image_vectors/hallmark563.jpg.npy,5
output/hallmark/output/image_vectors/hallmark604.jpg.npy,2
output/hallmark/output/image_vectors/lovepopcards178.jpg.npy,13
output/hallmark/output/image_vectors/lovepopcards27.jpg.npy,14
output/hallmark/output/image_vectors/americangreetings134.jpg.npy,3
output/hallmark/output/image_vectors/americangreetings156.jpg.npy,8
output/hallmark/output/image_vectors/hallmark169.jpg.npy,7
output/hallmark/output/image_vectors/hallmark496.jpg.npy,17
output/hallmark/output/image_vectors/hallmark12.jpg.npy,9
output/hallmark/output/image_vectors/hallmark723.jpg.npy,17
output/hallmark/output/image_vectors/americangreetings38.jpg.npy,8
output/hallmark/output/image_vectors/lovepopcards77.jpg.npy,6
output/hallmark/output/image_vectors/americangreetings49.jpg.npy,15
output/hallmark/output/image_vectors/hallmark154.jpg.npy,3
output/hallmark/output/image_vectors/hallmark16.jpg.npy,3
output/hallmark/output/image_vectors/americangreetings257.jpg.npy,15
output/hallmark/output/image_vectors/hallmark79.jpg.npy,17
output/hallmark/output/image_vectors/hallmark203.jpg.npy,5
output/hallmark/output/image_vectors/hallmark177.jpg.npy,2
output/hallmark/output/image_vectors/hallmark309.jpg.npy,1
output/hallmark/output/image_vectors/hallmark260.jpg.npy,3
output/hallmark/output/image_vectors/hallmark381.jpg.npy,9
output/hallmark/output/image_vectors/hallmark811.jpg.npy,3
output/hallmark/output/image_vectors/hallmark15.jpg.npy,15
output/hallmark/output/image_vectors/americangreetings170.jpg.npy,15
output/hallmark/output/image_vectors/hallmark915.jpg.npy,13
output/hallmark/output/image_vectors/americangreetings113.jpg.npy,2
output/hallmark/output/image_vectors/hallmark141.jpg.npy,4
output/hallmark/output/image_vectors/hallmark126.jpg.npy,9
output/hallmark/output/image_vectors/hallmark536.jpg.npy,8
output/hallmark/output/image_vectors/hallmark729.jpg.npy,11
output/hallmark/output/image_vectors/lovepopcards45.jpg.npy,14
output/hallmark/output/image_vectors/hallmark965.jpg.npy,4
output/hallmark/output/image_vectors/hallmark518.jpg.npy,15
output/hallmark/output/image_vectors/lovepopcards17.jpg.npy,7
output/hallmark/output/image_vectors/lovepopcards182.jpg.npy,13
output/hallmark/output/image_vectors/hallmark209.jpg.npy,5
output/hallmark/output/image_vectors/hallmark407.jpg.npy,5
output/hallmark/output/image_vectors/hallmark0.jpg.npy,3
output/hallmark/output/image_vectors/hallmark515.jpg.npy,5
output/hallmark/output/image_vectors/hallmark926.jpg.npy,8
output/hallmark/output/image_vectors/americangreetings118.jpg.npy,8
output/hallmark/output/image_vectors/hallmark558.jpg.npy,5
output/hallmark/output/image_vectors/hallmark783.jpg.npy,8
output/hallmark/output/image_vectors/hallmark879.jpg.npy,4
output/hallmark/output/image_vectors/americangreetings192.jpg.npy,3
output/hallmark/output/image_vectors/hallmark457.jpg.npy,17
output/hallmark/output/image_vectors/hallmark338.jpg.npy,11
output/hallmark/output/image_vectors/lovepopcards44.jpg.npy,6
output/hallmark/output/image_vectors/hallmark242.jpg.npy,1
output/hallmark/output/image_vectors/lovepopcards37.jpg.npy,12
output/hallmark/output/image_vectors/hallmark711.jpg.npy,7
output/hallmark/output/image_vectors/hallmark364.jpg.npy,15
output/hallmark/output/image_vectors/americangreetings47.jpg.npy,3
output/hallmark/output/image_vectors/lovepopcards30.jpg.npy,6
output/hallmark/output/image_vectors/hallmark472.jpg.npy,4
output/hallmark/output/image_vectors/hallmark359.jpg.npy,2
output/hallmark/output/image_vectors/hallmark808.jpg.npy,8
output/hallmark/output/image_vectors/americangreetings99.jpg.npy,5
output/hallmark/output/image_vectors/hallmark230.jpg.npy,16
output/hallmark/output/image_vectors/hallmark995.jpg.npy,0
output/hallmark/output/image_vectors/hallmark649.jpg.npy,8
output/hallmark/output/image_vectors/hallmark657.jpg.npy,16
output/hallmark/output/image_vectors/hallmark744.jpg.npy,15
output/hallmark/output/image_vectors/hallmark562.jpg.npy,5
output/hallmark/output/image_vectors/hallmark497.jpg.npy,8
output/hallmark/output/image_vectors/hallmark964.jpg.npy,4
output/hallmark/output/image_vectors/americangreetings143.jpg.npy,8
output/hallmark/output/image_vectors/hallmark224.jpg.npy,5
output/hallmark/output/image_vectors/lovepopcards67.jpg.npy,14
output/hallmark/output/image_vectors/hallmark571.jpg.npy,10
output/hallmark/output/image_vectors/americangreetings123.jpg.npy,8
output/hallmark/output/image_vectors/lovepopcards200.jpg.npy,6
output/hallmark/output/image_vectors/hallmark1004.jpg.npy,1
output/hallmark/output/image_vectors/hallmark650.jpg.npy,10
output/hallmark/output/image_vectors/hallmark161.jpg.npy,16
output/hallmark/output/image_vectors/hallmark53.jpg.npy,16
output/hallmark/output/image_vectors/hallmark170.jpg.npy,2
output/hallmark/output/image_vectors/hallmark790.jpg.npy,8
output/hallmark/output/image_vectors/hallmark328.jpg.npy,1
output/hallmark/output/image_vectors/lovepopcards68.jpg.npy,12
output/hallmark/output/image_vectors/hallmark529.jpg.npy,10
output/hallmark/output/image_vectors/hallmark972.jpg.npy,0
output/hallmark/output/image_vectors/hallmark810.jpg.npy,3
output/hallmark/output/image_vectors/hallmark349.jpg.npy,1
output/hallmark/output/image_vectors/hallmark424.jpg.npy,5
output/hallmark/output/image_vectors/hallmark819.jpg.npy,9
output/hallmark/output/image_vectors/lovepopcards7.jpg.npy,8
output/hallmark/output/image_vectors/hallmark1005.jpg.npy,8
output/hallmark/output/image_vectors/americangreetings48.jpg.npy,15
output/hallmark/output/image_vectors/hallmark437.jpg.npy,8
output/hallmark/output/image_vectors/hallmark380.jpg.npy,9
output/hallmark/output/image_vectors/hallmark583.jpg.npy,4
output/hallmark/output/image_vectors/hallmark705.jpg.npy,17
output/hallmark/output/image_vectors/americangreetings242.jpg.npy,3
output/hallmark/output/image_vectors/americangreetings43.jpg.npy,15
output/hallmark/output/image_vectors/hallmark219.jpg.npy,5
output/hallmark/output/image_vectors/americangreetings146.jpg.npy,15
output/hallmark/output/image_vectors/americangreetings244.jpg.npy,8
output/hallmark/output/image_vectors/hallmark461.jpg.npy,5
output/hallmark/output/image_vectors/hallmark273.jpg.npy,1
output/hallmark/output/image_vectors/hallmark763.jpg.npy,2
output/hallmark/output/image_vectors/hallmark344.jpg.npy,1
output/hallmark/output/image_vectors/hallmark640.jpg.npy,10
output/hallmark/output/image_vectors/lovepopcards140.jpg.npy,6
output/hallmark/output/image_vectors/hallmark182.jpg.npy,8
output/hallmark/output/image_vectors/hallmark869.jpg.npy,17
output/hallmark/output/image_vectors/hallmark481.jpg.npy,9
output/hallmark/output/image_vectors/lovepopcards208.jpg.npy,6
output/hallmark/output/image_vectors/hallmark902.jpg.npy,8
output/hallmark/output/image_vectors/americangreetings173.jpg.npy,15
output/hallmark/output/image_vectors/hallmark416.jpg.npy,5
output/hallmark/output/image_vectors/hallmark397.jpg.npy,17
output/hallmark/output/image_vectors/hallmark797.jpg.npy,16
output/hallmark/output/image_vectors/hallmark145.jpg.npy,4
output/hallmark/output/image_vectors/hallmark667.jpg.npy,10
output/hallmark/output/image_vectors/hallmark342.jpg.npy,2
output/hallmark/output/image_vectors/americangreetings10.jpg.npy,15
output/hallmark/output/image_vectors/hallmark1003.jpg.npy,11
output/hallmark/output/image_vectors/hallmark897.jpg.npy,9
output/hallmark/output/image_vectors/hallmark648.jpg.npy,10
output/hallmark/output/image_vectors/hallmark470.jpg.npy,3
output/hallmark/output/image_vectors/hallmark901.jpg.npy,3
output/hallmark/output/image_vectors/hallmark814.jpg.npy,5
output/hallmark/output/image_vectors/hallmark896.jpg.npy,3
output/hallmark/output/image_vectors/hallmark895.jpg.npy,10
output/hallmark/output/image_vectors/americangreetings68.jpg.npy,15
output/hallmark/output/image_vectors/hallmark599.jpg.npy,12
output/hallmark/output/image_vectors/hallmark906.jpg.npy,3
output/hallmark/output/image_vectors/hallmark122.jpg.npy,4
output/hallmark/output/image_vectors/americangreetings23.jpg.npy,3
output/hallmark/output/image_vectors/americangreetings97.jpg.npy,16
output/hallmark/output/image_vectors/hallmark107.jpg.npy,13
output/hallmark/output/image_vectors/lovepopcards170.jpg.npy,9
output/hallmark/output/image_vectors/hallmark782.jpg.npy,5
output/hallmark/output/image_vectors/hallmark923.jpg.npy,6
output/hallmark/output/image_vectors/lovepopcards169.jpg.npy,8
output/hallmark/output/image_vectors/hallmark356.jpg.npy,2
output/hallmark/output/image_vectors/hallmark207.jpg.npy,16
output/hallmark/output/image_vectors/hallmark885.jpg.npy,8
output/hallmark/output/image_vectors/hallmark163.jpg.npy,16
output/hallmark/output/image_vectors/hallmark56.jpg.npy,4
output/hallmark/output/image_vectors/hallmark525.jpg.npy,3
output/hallmark/output/image_vectors/hallmark724.jpg.npy,9
output/hallmark/output/image_vectors/hallmark758.jpg.npy,16
output/hallmark/output/image_vectors/hallmark33.jpg.npy,17
output/hallmark/output/image_vectors/hallmark105.jpg.npy,13
output/hallmark/output/image_vectors/hallmark392.jpg.npy,5
output/hallmark/output/image_vectors/lovepopcards113.jpg.npy,13
output/hallmark/output/image_vectors/hallmark134.jpg.npy,1
output/hallmark/output/image_vectors/hallmark546.jpg.npy,10
output/hallmark/output/image_vectors/lovepopcards211.jpg.npy,6
output/hallmark/output/image_vectors/hallmark35.jpg.npy,4
output/hallmark/output/image_vectors/hallmark745.jpg.npy,18
output/hallmark/output/image_vectors/americangreetings154.jpg.npy,11
output/hallmark/output/image_vectors/hallmark365.jpg.npy,9
output/hallmark/output/image_vectors/hallmark474.jpg.npy,8
output/hallmark/output/image_vectors/hallmark931.jpg.npy,3
output/hallmark/output/image_vectors/americangreetings271.jpg.npy,3
output/hallmark/output/image_vectors/lovepopcards8.jpg.npy,9
output/hallmark/output/image_vectors/americangreetings196.jpg.npy,8
output/hallmark/output/image_vectors/lovepopcards38.jpg.npy,6
output/hallmark/output/image_vectors/hallmark639.jpg.npy,3
output/hallmark/output/image_vectors/lovepopcards85.jpg.npy,12
output/hallmark/output/image_vectors/hallmark498.jpg.npy,8
output/hallmark/output/image_vectors/hallmark837.jpg.npy,8
output/hallmark/output/image_vectors/hallmark850.jpg.npy,1
output/hallmark/output/image_vectors/hallmark777.jpg.npy,0
output/hallmark/output/image_vectors/lovepopcards147.jpg.npy,6
output/hallmark/output/image_vectors/hallmark115.jpg.npy,4
output/hallmark/output/image_vectors/hallmark666.jpg.npy,16
output/hallmark/output/image_vectors/hallmark662.jpg.npy,10
output/hallmark/output/image_vectors/hallmark833.jpg.npy,2
output/hallmark/output/image_vectors/hallmark240.jpg.npy,3
output/hallmark/output/image_vectors/hallmark878.jpg.npy,8
output/hallmark/output/image_vectors/hallmark692.jpg.npy,16
output/hallmark/output/image_vectors/americangreetings111.jpg.npy,8
output/hallmark/output/image_vectors/americangreetings29.jpg.npy,3
output/hallmark/output/image_vectors/americangreetings165.jpg.npy,8
output/hallmark/output/image_vectors/americangreetings102.jpg.npy,3
output/hallmark/output/image_vectors/hallmark587.jpg.npy,5
output/hallmark/output/image_vectors/hallmark929.jpg.npy,1
output/hallmark/output/image_vectors/lovepopcards72.jpg.npy,14
output/hallmark/output/image_vectors/hallmark293.jpg.npy,5
output/hallmark/output/image_vectors/americangreetings89.jpg.npy,5
output/hallmark/output/image_vectors/hallmark60.jpg.npy,0
output/hallmark/output/image_vectors/hallmark28.jpg.npy,12
output/hallmark/output/image_vectors/hallmark110.jpg.npy,17
output/hallmark/output/image_vectors/hallmark149.jpg.npy,1
output/hallmark/output/image_vectors/hallmark164.jpg.npy,4
output/hallmark/output/image_vectors/americangreetings222.jpg.npy,17
output/hallmark/output/image_vectors/hallmark552.jpg.npy,15
output/hallmark/output/image_vectors/americangreetings138.jpg.npy,15
output/hallmark/output/image_vectors/lovepopcards217.jpg.npy,6
output/hallmark/output/image_vectors/hallmark534.jpg.npy,11
output/hallmark/output/image_vectors/hallmark307.jpg.npy,1
output/hallmark/output/image_vectors/hallmark767.jpg.npy,9
output/hallmark/output/image_vectors/hallmark213.jpg.npy,16
output/hallmark/output/image_vectors/hallmark232.jpg.npy,1
output/hallmark/output/image_vectors/hallmark104.jpg.npy,0
output/hallmark/output/image_vectors/americangreetings64.jpg.npy,15
output/hallmark/output/image_vectors/hallmark821.jpg.npy,3
output/hallmark/output/image_vectors/hallmark162.jpg.npy,16
output/hallmark/output/image_vectors/lovepopcards62.jpg.npy,14
output/hallmark/output/image_vectors/hallmark39.jpg.npy,3
output/hallmark/output/image_vectors/hallmark848.jpg.npy,3
output/hallmark/output/image_vectors/americangreetings8.jpg.npy,17
output/hallmark/output/image_vectors/americangreetings197.jpg.npy,8
output/hallmark/output/image_vectors/lovepopcards175.jpg.npy,13
output/hallmark/output/image_vectors/hallmark841.jpg.npy,3
output/hallmark/output/image_vectors/lovepopcards126.jpg.npy,6
output/hallmark/output/image_vectors/hallmark838.jpg.npy,17
output/hallmark/output/image_vectors/hallmark772.jpg.npy,11
output/hallmark/output/image_vectors/hallmark792.jpg.npy,6
output/hallmark/output/image_vectors/lovepopcards91.jpg.npy,19
output/hallmark/output/image_vectors/americangreetings31.jpg.npy,3
output/hallmark/output/image_vectors/hallmark92.jpg.npy,8
output/hallmark/output/image_vectors/lovepopcards190.jpg.npy,13
output/hallmark/output/image_vectors/lovepopcards71.jpg.npy,12
output/hallmark/output/image_vectors/lovepopcards16.jpg.npy,14
output/hallmark/output/image_vectors/americangreetings182.jpg.npy,3
output/hallmark/output/image_vectors/lovepopcards49.jpg.npy,12
output/hallmark/output/image_vectors/hallmark247.jpg.npy,8
output/hallmark/output/image_vectors/americangreetings253.jpg.npy,2
output/hallmark/output/image_vectors/hallmark233.jpg.npy,16
output/hallmark/output/image_vectors/hallmark862.jpg.npy,3
output/hallmark/output/image_vectors/hallmark952.jpg.npy,7
output/hallmark/output/image_vectors/americangreetings202.jpg.npy,8
output/hallmark/output/image_vectors/hallmark340.jpg.npy,1
output/hallmark/output/image_vectors/lovepopcards162.jpg.npy,9
output/hallmark/output/image_vectors/americangreetings119.jpg.npy,8
output/hallmark/output/image_vectors/lovepopcards96.jpg.npy,6
output/hallmark/output/image_vectors/hallmark857.jpg.npy,3
output/hallmark/output/image_vectors/lovepopcards179.jpg.npy,13
output/hallmark/output/image_vectors/lovepopcards59.jpg.npy,14
output/hallmark/output/image_vectors/hallmark545.jpg.npy,8
output/hallmark/output/image_vectors/hallmark781.jpg.npy,2
output/hallmark/output/image_vectors/hallmark798.jpg.npy,16
output/hallmark/output/image_vectors/hallmark429.jpg.npy,5
output/hallmark/output/image_vectors/hallmark880.jpg.npy,3
output/hallmark/output/image_vectors/hallmark620.jpg.npy,5
output/hallmark/output/image_vectors/americangreetings187.jpg.npy,8
output/hallmark/output/image_vectors/americangreetings167.jpg.npy,8
output/hallmark/output/image_vectors/lovepopcards12.jpg.npy,6
output/hallmark/output/image_vectors/hallmark47.jpg.npy,11
output/hallmark/output/image_vectors/americangreetings218.jpg.npy,10
output/hallmark/output/image_vectors/hallmark139.jpg.npy,1
output/hallmark/output/image_vectors/hallmark71.jpg.npy,3
output/hallmark/output/image_vectors/hallmark840.jpg.npy,3
output/hallmark/output/image_vectors/lovepopcards151.jpg.npy,12
output/hallmark/output/image_vectors/lovepopcards56.jpg.npy,14
output/hallmark/output/image_vectors/lovepopcards192.jpg.npy,17
output/hallmark/output/image_vectors/americangreetings251.jpg.npy,16
output/hallmark/output/image_vectors/hallmark754.jpg.npy,3
output/hallmark/output/image_vectors/hallmark613.jpg.npy,17
output/hallmark/output/image_vectors/hallmark570.jpg.npy,10
output/hallmark/output/image_vectors/hallmark346.jpg.npy,11
output/hallmark/output/image_vectors/lovepopcards109.jpg.npy,6
output/hallmark/output/image_vectors/hallmark987.jpg.npy,3
output/hallmark/output/image_vectors/hallmark830.jpg.npy,3
output/hallmark/output/image_vectors/hallmark884.jpg.npy,15
output/hallmark/output/image_vectors/hallmark310.jpg.npy,11
output/hallmark/output/image_vectors/americangreetings246.jpg.npy,8
output/hallmark/output/image_vectors/hallmark523.jpg.npy,10
output/hallmark/output/image_vectors/hallmark333.jpg.npy,1
output/hallmark/output/image_vectors/americangreetings186.jpg.npy,17
output/hallmark/output/image_vectors/lovepopcards111.jpg.npy,12
output/hallmark/output/image_vectors/hallmark646.jpg.npy,10
output/hallmark/output/image_vectors/hallmark413.jpg.npy,2
output/hallmark/output/image_vectors/hallmark566.jpg.npy,4
output/hallmark/output/image_vectors/hallmark789.jpg.npy,8
output/hallmark/output/image_vectors/hallmark916.jpg.npy,13
output/hallmark/output/image_vectors/americangreetings157.jpg.npy,8
output/hallmark/output/image_vectors/lovepopcards69.jpg.npy,12
output/hallmark/output/image_vectors/hallmark737.jpg.npy,15
output/hallmark/output/image_vectors/americangreetings36.jpg.npy,17
output/hallmark/output/image_vectors/lovepopcards198.jpg.npy,10
output/hallmark/output/image_vectors/hallmark507.jpg.npy,9
output/hallmark/output/image_vectors/hallmark618.jpg.npy,10
output/hallmark/output/image_vectors/americangreetings204.jpg.npy,8
output/hallmark/output/image_vectors/hallmark575.jpg.npy,10
output/hallmark/output/image_vectors/hallmark77.jpg.npy,1
output/hallmark/output/image_vectors/lovepopcards25.jpg.npy,6
output/hallmark/output/image_vectors/hallmark439.jpg.npy,11
output/hallmark/output/image_vectors/lovepopcards94.jpg.npy,6
output/hallmark/output/image_vectors/hallmark41.jpg.npy,4
output/hallmark/output/image_vectors/hallmark773.jpg.npy,1
output/hallmark/output/image_vectors/hallmark644.jpg.npy,3
output/hallmark/output/image_vectors/lovepopcards82.jpg.npy,12
output/hallmark/output/image_vectors/hallmark314.jpg.npy,1
output/hallmark/output/image_vectors/hallmark581.jpg.npy,8
output/hallmark/output/image_vectors/hallmark376.jpg.npy,8
output/hallmark/output/image_vectors/hallmark201.jpg.npy,16
output/hallmark/output/image_vectors/americangreetings262.jpg.npy,7
output/hallmark/output/image_vectors/hallmark264.jpg.npy,11
output/hallmark/output/image_vectors/hallmark432.jpg.npy,15
output/hallmark/output/image_vectors/hallmark531.jpg.npy,5
output/hallmark/output/image_vectors/americangreetings75.jpg.npy,8
output/hallmark/output/image_vectors/hallmark728.jpg.npy,17
output/hallmark/output/image_vectors/americangreetings153.jpg.npy,1
output/hallmark/output/image_vectors/lovepopcards29.jpg.npy,9
output/hallmark/output/image_vectors/hallmark386.jpg.npy,8
output/hallmark/output/image_vectors/americangreetings115.jpg.npy,4
output/hallmark/output/image_vectors/lovepopcards193.jpg.npy,6
output/hallmark/output/image_vectors/americangreetings25.jpg.npy,2
output/hallmark/output/image_vectors/americangreetings18.jpg.npy,2
output/hallmark/output/image_vectors/hallmark663.jpg.npy,17
output/hallmark/output/image_vectors/americangreetings112.jpg.npy,8
output/hallmark/output/image_vectors/americangreetings67.jpg.npy,17
output/hallmark/output/image_vectors/hallmark668.jpg.npy,13
output/hallmark/output/image_vectors/hallmark156.jpg.npy,16
output/hallmark/output/image_vectors/hallmark800.jpg.npy,8
output/hallmark/output/image_vectors/hallmark927.jpg.npy,6
output/hallmark/output/image_vectors/lovepopcards210.jpg.npy,17
output/hallmark/output/image_vectors/hallmark426.jpg.npy,15
output/hallmark/output/image_vectors/lovepopcards157.jpg.npy,6
output/hallmark/output/image_vectors/lovepopcards121.jpg.npy,13
output/hallmark/output/image_vectors/americangreetings190.jpg.npy,3
output/hallmark/output/image_vectors/americangreetings120.jpg.npy,8
output/hallmark/output/image_vectors/americangreetings52.jpg.npy,3
output/hallmark/output/image_vectors/hallmark136.jpg.npy,3
output/hallmark/output/image_vectors/hallmark46.jpg.npy,1
output/hallmark/output/image_vectors/hallmark84.jpg.npy,8
output/hallmark/output/image_vectors/americangreetings201.jpg.npy,8
output/hallmark/output/image_vectors/hallmark281.jpg.npy,11
output/hallmark/output/image_vectors/hallmark1007.jpg.npy,8
output/hallmark/output/image_vectors/hallmark263.jpg.npy,1
output/hallmark/output/image_vectors/americangreetings108.jpg.npy,15
output/hallmark/output/image_vectors/americangreetings210.jpg.npy,3
output/hallmark/output/image_vectors/hallmark75.jpg.npy,4
output/hallmark/output/image_vectors/lovepopcards197.jpg.npy,12
output/hallmark/output/image_vectors/hallmark980.jpg.npy,0
output/hallmark/output/image_vectors/americangreetings266.jpg.npy,3
output/hallmark/output/image_vectors/lovepopcards11.jpg.npy,6
output/hallmark/output/image_vectors/americangreetings100.jpg.npy,8
output/hallmark/output/image_vectors/hallmark435.jpg.npy,4
output/hallmark/output/image_vectors/hallmark928.jpg.npy,15
output/hallmark/output/image_vectors/hallmark144.jpg.npy,3
output/hallmark/output/image_vectors/hallmark533.jpg.npy,11
output/hallmark/output/image_vectors/americangreetings168.jpg.npy,4
output/hallmark/output/image_vectors/hallmark519.jpg.npy,4
output/hallmark/output/image_vectors/hallmark780.jpg.npy,8
output/hallmark/output/image_vectors/americangreetings213.jpg.npy,9
output/hallmark/output/image_vectors/hallmark167.jpg.npy,16
output/hallmark/output/image_vectors/hallmark921.jpg.npy,16
output/hallmark/output/image_vectors/hallmark287.jpg.npy,1
output/hallmark/output/image_vectors/hallmark291.jpg.npy,1
output/hallmark/output/image_vectors/lovepopcards75.jpg.npy,12
output/hallmark/output/image_vectors/americangreetings205.jpg.npy,17
output/hallmark/output/image_vectors/hallmark245.jpg.npy,16
output/hallmark/output/image_vectors/hallmark393.jpg.npy,8
output/hallmark/output/image_vectors/hallmark390.jpg.npy,17
output/hallmark/output/image_vectors/hallmark130.jpg.npy,4
output/hallmark/output/image_vectors/hallmark268.jpg.npy,2
output/hallmark/output/image_vectors/lovepopcards139.jpg.npy,13
output/hallmark/output/image_vectors/americangreetings9.jpg.npy,17
output/hallmark/output/image_vectors/hallmark292.jpg.npy,1
output/hallmark/output/image_vectors/hallmark304.jpg.npy,1
output/hallmark/output/image_vectors/hallmark464.jpg.npy,17
output/hallmark/output/image_vectors/hallmark799.jpg.npy,13
output/hallmark/output/image_vectors/hallmark918.jpg.npy,3
output/hallmark/output/image_vectors/hallmark83.jpg.npy,1
output/hallmark/output/image_vectors/hallmark768.jpg.npy,17
output/hallmark/output/image_vectors/lovepopcards220.jpg.npy,6
output/hallmark/output/image_vectors/hallmark509.jpg.npy,15
output/hallmark/output/image_vectors/hallmark339.jpg.npy,1
output/hallmark/output/image_vectors/americangreetings181.jpg.npy,3
output/hallmark/output/image_vectors/hallmark801.jpg.npy,16
output/hallmark/output/image_vectors/lovepopcards146.jpg.npy,6
output/hallmark/output/image_vectors/hallmark610.jpg.npy,16
output/hallmark/output/image_vectors/lovepopcards134.jpg.npy,9
output/hallmark/output/image_vectors/hallmark330.jpg.npy,8
output/hallmark/output/image_vectors/hallmark334.jpg.npy,1
output/hallmark/output/image_vectors/hallmark1002.jpg.npy,18
output/hallmark/output/image_vectors/hallmark30.jpg.npy,5
output/hallmark/output/image_vectors/hallmark586.jpg.npy,8
output/hallmark/output/image_vectors/americangreetings101.jpg.npy,15
output/hallmark/output/image_vectors/hallmark760.jpg.npy,2
output/hallmark/output/image_vectors/americangreetings214.jpg.npy,5
output/hallmark/output/image_vectors/hallmark317.jpg.npy,1
output/hallmark/output/image_vectors/lovepopcards148.jpg.npy,12
output/hallmark/output/image_vectors/hallmark568.jpg.npy,10
output/hallmark/output/image_vectors/americangreetings133.jpg.npy,15
output/hallmark/output/image_vectors/americangreetings200.jpg.npy,3
output/hallmark/output/image_vectors/hallmark412.jpg.npy,15
output/hallmark/output/image_vectors/americangreetings98.jpg.npy,8
output/hallmark/output/image_vectors/hallmark261.jpg.npy,13
output/hallmark/output/image_vectors/americangreetings41.jpg.npy,3
output/hallmark/output/image_vectors/lovepopcards92.jpg.npy,6
output/hallmark/output/image_vectors/lovepopcards19.jpg.npy,7
output/hallmark/output/image_vectors/lovepopcards21.jpg.npy,7
output/hallmark/output/image_vectors/hallmark985.jpg.npy,6
output/hallmark/output/image_vectors/hallmark331.jpg.npy,1
output/hallmark/output/image_vectors/hallmark815.jpg.npy,12
output/hallmark/output/image_vectors/hallmark938.jpg.npy,3
output/hallmark/output/image_vectors/americangreetings177.jpg.npy,3
output/hallmark/output/image_vectors/lovepopcards145.jpg.npy,6
output/hallmark/output/image_vectors/hallmark795.jpg.npy,8
output/hallmark/output/image_vectors/americangreetings66.jpg.npy,13
output/hallmark/output/image_vectors/americangreetings260.jpg.npy,2
output/hallmark/output/image_vectors/hallmark721.jpg.npy,16
output/hallmark/output/image_vectors/americangreetings221.jpg.npy,3
output/hallmark/output/image_vectors/americangreetings199.jpg.npy,8
output/hallmark/output/image_vectors/americangreetings166.jpg.npy,8
output/hallmark/output/image_vectors/americangreetings241.jpg.npy,8
output/hallmark/output/image_vectors/lovepopcards163.jpg.npy,3
output/hallmark/output/image_vectors/lovepopcards39.jpg.npy,6
output/hallmark/output/image_vectors/lovepopcards144.jpg.npy,6
output/hallmark/output/image_vectors/hallmark180.jpg.npy,0
output/hallmark/output/image_vectors/hallmark50.jpg.npy,15
output/hallmark/output/image_vectors/americangreetings136.jpg.npy,3
output/hallmark/output/image_vectors/hallmark612.jpg.npy,13
output/hallmark/output/image_vectors/americangreetings87.jpg.npy,17
output/hallmark/output/image_vectors/americangreetings85.jpg.npy,17
output/hallmark/output/image_vectors/hallmark888.jpg.npy,8
output/hallmark/output/image_vectors/hallmark827.jpg.npy,13
output/hallmark/output/image_vectors/hallmark941.jpg.npy,7
output/hallmark/output/image_vectors/lovepopcards51.jpg.npy,6
output/hallmark/output/image_vectors/hallmark631.jpg.npy,15
output/hallmark/output/image_vectors/americangreetings110.jpg.npy,1
output/hallmark/output/image_vectors/hallmark4.jpg.npy,3
output/hallmark/output/image_vectors/hallmark8.jpg.npy,12
output/hallmark/output/image_vectors/hallmark128.jpg.npy,6
output/hallmark/output/image_vectors/lovepopcards180.jpg.npy,17
output/hallmark/output/image_vectors/lovepopcards154.jpg.npy,12
output/hallmark/output/image_vectors/hallmark735.jpg.npy,15
output/hallmark/output/image_vectors/hallmark943.jpg.npy,16
output/hallmark/output/image_vectors/hallmark757.jpg.npy,13
output/hallmark/output/image_vectors/hallmark458.jpg.npy,17
output/hallmark/output/image_vectors/hallmark246.jpg.npy,8
output/hallmark/output/image_vectors/hallmark939.jpg.npy,7
output/hallmark/output/image_vectors/hallmark922.jpg.npy,3
output/hallmark/output/image_vectors/hallmark408.jpg.npy,13
output/hallmark/output/image_vectors/hallmark677.jpg.npy,16
output/hallmark/output/image_vectors/lovepopcards74.jpg.npy,12
output/hallmark/output/image_vectors/hallmark861.jpg.npy,3
output/hallmark/output/image_vectors/lovepopcards78.jpg.npy,6
output/hallmark/output/image_vectors/hallmark526.jpg.npy,5
output/hallmark/output/image_vectors/americangreetings230.jpg.npy,3
output/hallmark/output/image_vectors/lovepopcards202.jpg.npy,6
output/hallmark/output/image_vectors/lovepopcards5.jpg.npy,14
output/hallmark/output/image_vectors/hallmark565.jpg.npy,10
output/hallmark/output/image_vectors/hallmark63.jpg.npy,0
output/hallmark/output/image_vectors/hallmark450.jpg.npy,9
output/hallmark/output/image_vectors/hallmark250.jpg.npy,8
output/hallmark/output/image_vectors/hallmark685.jpg.npy,10
output/hallmark/output/image_vectors/americangreetings42.jpg.npy,15
output/hallmark/output/image_vectors/americangreetings263.jpg.npy,3
output/hallmark/output/image_vectors/americangreetings37.jpg.npy,3
output/hallmark/output/image_vectors/hallmark547.jpg.npy,10
output/hallmark/output/image_vectors/hallmark227.jpg.npy,2
output/hallmark/output/image_vectors/lovepopcards209.jpg.npy,9
output/hallmark/output/image_vectors/americangreetings95.jpg.npy,5
output/hallmark/output/image_vectors/lovepopcards203.jpg.npy,6
output/hallmark/output/image_vectors/hallmark270.jpg.npy,11
output/hallmark/output/image_vectors/americangreetings137.jpg.npy,3
output/hallmark/output/image_vectors/americangreetings178.jpg.npy,15
output/hallmark/output/image_vectors/hallmark172.jpg.npy,5
output/hallmark/output/image_vectors/lovepopcards107.jpg.npy,13
output/hallmark/output/image_vectors/lovepopcards161.jpg.npy,13
output/hallmark/output/image_vectors/hallmark567.jpg.npy,3
output/hallmark/output/image_vectors/americangreetings106.jpg.npy,15
output/hallmark/output/image_vectors/hallmark524.jpg.npy,15
output/hallmark/output/image_vectors/hallmark843.jpg.npy,3
output/hallmark/output/image_vectors/hallmark982.jpg.npy,6
output/hallmark/output/image_vectors/hallmark548.jpg.npy,5
output/hallmark/output/image_vectors/americangreetings3.jpg.npy,3
output/hallmark/output/image_vectors/hallmark179.jpg.npy,16
output/hallmark/output/image_vectors/lovepopcards106.jpg.npy,13
output/hallmark/output/image_vectors/americangreetings151.jpg.npy,15
output/hallmark/output/image_vectors/hallmark905.jpg.npy,10
output/hallmark/output/image_vectors/lovepopcards73.jpg.npy,12
output/hallmark/output/image_vectors/americangreetings225.jpg.npy,5
output/hallmark/output/image_vectors/hallmark43.jpg.npy,17
output/hallmark/output/image_vectors/lovepopcards23.jpg.npy,14
output/hallmark/output/image_vectors/hallmark858.jpg.npy,15
output/hallmark/output/image_vectors/americangreetings175.jpg.npy,11
output/hallmark/output/image_vectors/hallmark166.jpg.npy,4
output/hallmark/output/image_vectors/hallmark321.jpg.npy,11
output/hallmark/output/image_vectors/lovepopcards204.jpg.npy,12
output/hallmark/output/image_vectors/hallmark238.jpg.npy,16
output/hallmark/output/image_vectors/lovepopcards132.jpg.npy,12
output/hallmark/output/image_vectors/hallmark981.jpg.npy,9
output/hallmark/output/image_vectors/hallmark579.jpg.npy,5
output/hallmark/output/image_vectors/hallmark278.jpg.npy,11
output/hallmark/output/image_vectors/hallmark955.jpg.npy,16
output/hallmark/output/image_vectors/hallmark452.jpg.npy,17
output/hallmark/output/image_vectors/americangreetings211.jpg.npy,3
output/hallmark/output/image_vectors/hallmark680.jpg.npy,10
output/hallmark/output/image_vectors/lovepopcards3.jpg.npy,19
output/hallmark/output/image_vectors/hallmark891.jpg.npy,10
output/hallmark/output/image_vectors/hallmark584.jpg.npy,5
output/hallmark/output/image_vectors/americangreetings232.jpg.npy,11
output/hallmark/output/image_vectors/hallmark629.jpg.npy,6
output/hallmark/output/image_vectors/hallmark434.jpg.npy,9
output/hallmark/output/image_vectors/americangreetings62.jpg.npy,17
output/hallmark/output/image_vectors/hallmark217.jpg.npy,16
output/hallmark/output/image_vectors/hallmark289.jpg.npy,1
output/hallmark/output/image_vectors/hallmark532.jpg.npy,8
output/hallmark/output/image_vectors/lovepopcards215.jpg.npy,9
output/hallmark/output/image_vectors/hallmark131.jpg.npy,17
output/hallmark/output/image_vectors/americangreetings32.jpg.npy,8
output/hallmark/output/image_vectors/hallmark411.jpg.npy,17
output/hallmark/output/image_vectors/hallmark469.jpg.npy,17
output/hallmark/output/image_vectors/hallmark505.jpg.npy,10
output/hallmark/output/image_vectors/hallmark311.jpg.npy,1
output/hallmark/output/image_vectors/hallmark853.jpg.npy,3
output/hallmark/output/image_vectors/hallmark459.jpg.npy,17
output/hallmark/output/image_vectors/lovepopcards122.jpg.npy,10
output/hallmark/output/image_vectors/hallmark248.jpg.npy,8
output/hallmark/output/image_vectors/hallmark990.jpg.npy,10
output/hallmark/output/image_vectors/americangreetings270.jpg.npy,3
output/hallmark/output/image_vectors/americangreetings135.jpg.npy,15
output/hallmark/output/image_vectors/hallmark226.jpg.npy,0
output/hallmark/output/image_vectors/americangreetings94.jpg.npy,17
output/hallmark/output/image_vectors/hallmark564.jpg.npy,5
output/hallmark/output/image_vectors/lovepopcards173.jpg.npy,3
output/hallmark/output/image_vectors/lovepopcards103.jpg.npy,13
output/hallmark/output/image_vectors/lovepopcards128.jpg.npy,6
output/hallmark/output/image_vectors/lovepopcards52.jpg.npy,14
output/hallmark/output/image_vectors/americangreetings79.jpg.npy,3
output/hallmark/output/image_vectors/hallmark975.jpg.npy,7
output/hallmark/output/image_vectors/lovepopcards50.jpg.npy,12
output/hallmark/output/image_vectors/hallmark440.jpg.npy,5
output/hallmark/output/image_vectors/lovepopcards65.jpg.npy,14
output/hallmark/output/image_vectors/hallmark288.jpg.npy,1
output/hallmark/output/image_vectors/americangreetings235.jpg.npy,3
output/hallmark/output/image_vectors/hallmark521.jpg.npy,15
output/hallmark/output/image_vectors/americangreetings21.jpg.npy,5
output/hallmark/output/image_vectors/hallmark703.jpg.npy,9
output/hallmark/output/image_vectors/hallmark480.jpg.npy,9
output/hallmark/output/image_vectors/hallmark582.jpg.npy,5
output/hallmark/output/image_vectors/hallmark736.jpg.npy,16
output/hallmark/output/image_vectors/hallmark406.jpg.npy,15
output/hallmark/output/image_vectors/hallmark863.jpg.npy,2
output/hallmark/output/image_vectors/americangreetings6.jpg.npy,15
output/hallmark/output/image_vectors/hallmark953.jpg.npy,16
output/hallmark/output/image_vectors/hallmark865.jpg.npy,3
output/hallmark/output/image_vectors/hallmark503.jpg.npy,6
output/hallmark/output/image_vectors/hallmark368.jpg.npy,3
output/hallmark/output/image_vectors/lovepopcards83.jpg.npy,6
output/hallmark/output/image_vectors/hallmark954.jpg.npy,5
output/hallmark/output/image_vectors/hallmark244.jpg.npy,9
output/hallmark/output/image_vectors/hallmark102.jpg.npy,4
output/hallmark/output/image_vectors/hallmark489.jpg.npy,3
output/hallmark/output/image_vectors/americangreetings73.jpg.npy,8
output/hallmark/output/image_vectors/americangreetings26.jpg.npy,8
output/hallmark/output/image_vectors/lovepopcards41.jpg.npy,6
output/hallmark/output/image_vectors/americangreetings234.jpg.npy,2
output/hallmark/output/image_vectors/hallmark883.jpg.npy,8
output/hallmark/output/image_vectors/hallmark205.jpg.npy,5
output/hallmark/output/image_vectors/hallmark300.jpg.npy,10
output/hallmark/output/image_vectors/hallmark353.jpg.npy,11
output/hallmark/output/image_vectors/hallmark937.jpg.npy,7
output/hallmark/output/image_vectors/hallmark322.jpg.npy,1
output/hallmark/output/image_vectors/americangreetings188.jpg.npy,8
output/hallmark/output/image_vectors/hallmark467.jpg.npy,5
output/hallmark/output/image_vectors/hallmark756.jpg.npy,8
output/hallmark/output/image_vectors/lovepopcards20.jpg.npy,7
output/hallmark/output/image_vectors/hallmark5.jpg.npy,9
output/hallmark/output/image_vectors/hallmark155.jpg.npy,15
output/hallmark/output/image_vectors/hallmark796.jpg.npy,5
output/hallmark/output/image_vectors/americangreetings56.jpg.npy,17
output/hallmark/output/image_vectors/hallmark94.jpg.npy,17
output/hallmark/output/image_vectors/hallmark962.jpg.npy,3
output/hallmark/output/image_vectors/hallmark255.jpg.npy,16
output/hallmark/output/image_vectors/hallmark823.jpg.npy,5
output/hallmark/output/image_vectors/hallmark158.jpg.npy,2
output/hallmark/output/image_vectors/hallmark325.jpg.npy,1
output/hallmark/output/image_vectors/hallmark9.jpg.npy,12
output/hallmark/output/image_vectors/americangreetings150.jpg.npy,8
output/hallmark/output/image_vectors/hallmark200.jpg.npy,8
output/hallmark/output/image_vectors/lovepopcards133.jpg.npy,13
output/hallmark/output/image_vectors/americangreetings17.jpg.npy,17
output/hallmark/output/image_vectors/hallmark791.jpg.npy,15
output/hallmark/output/image_vectors/hallmark171.jpg.npy,9
output/hallmark/output/image_vectors/hallmark699.jpg.npy,9
output/hallmark/output/image_vectors/americangreetings27.jpg.npy,3
output/hallmark/output/image_vectors/hallmark113.jpg.npy,6
output/hallmark/output/image_vectors/hallmark374.jpg.npy,1
output/hallmark/output/image_vectors/hallmark714.jpg.npy,3
output/hallmark/output/image_vectors/hallmark803.jpg.npy,2
output/hallmark/output/image_vectors/hallmark598.jpg.npy,8
output/hallmark/output/image_vectors/americangreetings55.jpg.npy,3
output/hallmark/output/image_vectors/hallmark678.jpg.npy,16
output/hallmark/output/image_vectors/hallmark887.jpg.npy,3
output/hallmark/output/image_vectors/lovepopcards97.jpg.npy,9
output/hallmark/output/image_vectors/hallmark845.jpg.npy,3
output/hallmark/output/image_vectors/americangreetings30.jpg.npy,3
output/hallmark/output/image_vectors/americangreetings231.jpg.npy,2
output/hallmark/output/image_vectors/hallmark303.jpg.npy,1
output/hallmark/output/image_vectors/lovepopcards86.jpg.npy,6
output/hallmark/output/image_vectors/hallmark357.jpg.npy,8
output/hallmark/output/image_vectors/americangreetings268.jpg.npy,2
output/hallmark/output/image_vectors/hallmark829.jpg.npy,3
output/hallmark/output/image_vectors/hallmark212.jpg.npy,5
output/hallmark/output/image_vectors/hallmark788.jpg.npy,5
output/hallmark/output/image_vectors/hallmark98.jpg.npy,4
output/hallmark/output/image_vectors/hallmark249.jpg.npy,16
output/hallmark/output/image_vectors/hallmark936.jpg.npy,17
output/hallmark/output/image_vectors/americangreetings180.jpg.npy,3
output/hallmark/output/image_vectors/americangreetings65.jpg.npy,17
output/hallmark/output/image_vectors/americangreetings91.jpg.npy,6
output/hallmark/output/image_vectors/hallmark324.jpg.npy,11
output/hallmark/output/image_vectors/hallmark195.jpg.npy,5
output/hallmark/output/image_vectors/hallmark410.jpg.npy,15
output/hallmark/output/image_vectors/hallmark396.jpg.npy,8
output/hallmark/output/image_vectors/hallmark807.jpg.npy,15
output/hallmark/output/image_vectors/hallmark36.jpg.npy,17
output/hallmark/output/image_vectors/hallmark930.jpg.npy,17
output/hallmark/output/image_vectors/lovepopcards6.jpg.npy,19
output/hallmark/output/image_vectors/lovepopcards143.jpg.npy,6
output/hallmark/output/image_vectors/hallmark652.jpg.npy,3
output/hallmark/output/image_vectors/hallmark984.jpg.npy,9
output/hallmark/output/image_vectors/hallmark510.jpg.npy,8
output/hallmark/output/image_vectors/hallmark345.jpg.npy,11
output/hallmark/output/image_vectors/hallmark453.jpg.npy,17
output/hallmark/output/image_vectors/hallmark142.jpg.npy,3
output/hallmark/output/image_vectors/hallmark717.jpg.npy,15
output/hallmark/output/image_vectors/lovepopcards98.jpg.npy,13
output/hallmark/output/image_vectors/hallmark551.jpg.npy,10
output/hallmark/output/image_vectors/hallmark375.jpg.npy,8
output/hallmark/output/image_vectors/americangreetings238.jpg.npy,8
output/hallmark/output/image_vectors/hallmark55.jpg.npy,2
output/hallmark/output/image_vectors/hallmark114.jpg.npy,9
output/hallmark/output/image_vectors/hallmark85.jpg.npy,9
output/hallmark/output/image_vectors/lovepopcards87.jpg.npy,9
output/hallmark/output/image_vectors/hallmark708.jpg.npy,17
output/hallmark/output/image_vectors/hallmark602.jpg.npy,9
output/hallmark/output/image_vectors/lovepopcards138.jpg.npy,12
output/hallmark/output/image_vectors/hallmark285.jpg.npy,5
output/hallmark/output/image_vectors/americangreetings158.jpg.npy,1
output/hallmark/output/image_vectors/americangreetings39.jpg.npy,8
output/hallmark/output/image_vectors/lovepopcards57.jpg.npy,14
output/hallmark/output/image_vectors/hallmark42.jpg.npy,4
output/hallmark/output/image_vectors/hallmark633.jpg.npy,5
output/hallmark/output/image_vectors/hallmark409.jpg.npy,5
output/hallmark/output/image_vectors/americangreetings208.jpg.npy,3
output/hallmark/output/image_vectors/hallmark951.jpg.npy,5
output/hallmark/output/image_vectors/americangreetings83.jpg.npy,8
output/hallmark/output/image_vectors/americangreetings147.jpg.npy,9
output/hallmark/output/image_vectors/americangreetings20.jpg.npy,8
output/hallmark/output/image_vectors/americangreetings223.jpg.npy,9
output/hallmark/output/image_vectors/hallmark225.jpg.npy,8
output/hallmark/output/image_vectors/hallmark722.jpg.npy,13
output/hallmark/output/image_vectors/hallmark78.jpg.npy,8
output/hallmark/output/image_vectors/lovepopcards183.jpg.npy,6
output/hallmark/output/image_vectors/hallmark391.jpg.npy,5
output/hallmark/output/image_vectors/hallmark160.jpg.npy,5
output/hallmark/output/image_vectors/americangreetings54.jpg.npy,15
output/hallmark/output/image_vectors/hallmark592.jpg.npy,5
output/hallmark/output/image_vectors/hallmark137.jpg.npy,4
output/hallmark/output/image_vectors/americangreetings172.jpg.npy,15
output/hallmark/output/image_vectors/hallmark813.jpg.npy,8
output/hallmark/output/image_vectors/hallmark961.jpg.npy,8
output/hallmark/output/image_vectors/hallmark383.jpg.npy,8
output/hallmark/output/image_vectors/lovepopcards150.jpg.npy,13
output/hallmark/output/image_vectors/hallmark302.jpg.npy,15
output/hallmark/output/image_vectors/hallmark266.jpg.npy,11
output/hallmark/output/image_vectors/americangreetings198.jpg.npy,8
output/hallmark/output/image_vectors/hallmark332.jpg.npy,1
output/hallmark/output/image_vectors/hallmark560.jpg.npy,10
output/hallmark/output/image_vectors/hallmark241.jpg.npy,3
output/hallmark/output/image_vectors/hallmark305.jpg.npy,1
output/hallmark/output/image_vectors/hallmark664.jpg.npy,10
output/hallmark/output/image_vectors/hallmark828.jpg.npy,13
output/hallmark/output/image_vectors/lovepopcards64.jpg.npy,12
output/hallmark/output/image_vectors/hallmark32.jpg.npy,0
output/hallmark/output/image_vectors/hallmark653.jpg.npy,8
output/hallmark/output/image_vectors/hallmark460.jpg.npy,4
output/hallmark/output/image_vectors/lovepopcards221.jpg.npy,12
output/hallmark/output/image_vectors/hallmark886.jpg.npy,3
output/hallmark/output/image_vectors/hallmark379.jpg.npy,11
output/hallmark/output/image_vectors/lovepopcards42.jpg.npy,4
output/hallmark/output/image_vectors/hallmark693.jpg.npy,16
output/hallmark/output/image_vectors/hallmark189.jpg.npy,8
output/hallmark/output/image_vectors/hallmark917.jpg.npy,13
output/hallmark/output/image_vectors/americangreetings121.jpg.npy,16
output/hallmark/output/image_vectors/hallmark276.jpg.npy,11
output/hallmark/output/image_vectors/americangreetings236.jpg.npy,5
output/hallmark/output/image_vectors/hallmark734.jpg.npy,3
output/hallmark/output/image_vectors/hallmark120.jpg.npy,5
output/hallmark/output/image_vectors/hallmark903.jpg.npy,3
output/hallmark/output/image_vectors/americangreetings217.jpg.npy,3
output/hallmark/output/image_vectors/lovepopcards199.jpg.npy,6
output/hallmark/output/image_vectors/hallmark747.jpg.npy,5
output/hallmark/output/image_vectors/hallmark308.jpg.npy,15
output/hallmark/output/image_vectors/hallmark198.jpg.npy,17
output/hallmark/output/image_vectors/hallmark817.jpg.npy,16
output/hallmark/output/image_vectors/hallmark824.jpg.npy,15
output/hallmark/output/image_vectors/lovepopcards102.jpg.npy,6
output/hallmark/output/image_vectors/hallmark335.jpg.npy,1
output/hallmark/output/image_vectors/hallmark977.jpg.npy,8
output/hallmark/output/image_vectors/hallmark431.jpg.npy,17
output/hallmark/output/image_vectors/hallmark871.jpg.npy,3
output/hallmark/output/image_vectors/lovepopcards101.jpg.npy,9
output/hallmark/output/image_vectors/americangreetings77.jpg.npy,8
output/hallmark/output/image_vectors/lovepopcards112.jpg.npy,13
output/hallmark/output/image_vectors/hallmark775.jpg.npy,15
output/hallmark/output/image_vectors/hallmark947.jpg.npy,7
output/hallmark/output/image_vectors/hallmark484.jpg.npy,5
output/hallmark/output/image_vectors/hallmark318.jpg.npy,1
output/hallmark/output/image_vectors/hallmark65.jpg.npy,4
output/hallmark/output/image_vectors/hallmark585.jpg.npy,4
output/hallmark/output/image_vectors/hallmark59.jpg.npy,4
output/hallmark/output/image_vectors/hallmark544.jpg.npy,8
output/hallmark/output/image_vectors/americangreetings117.jpg.npy,8
output/hallmark/output/image_vectors/lovepopcards195.jpg.npy,12
output/hallmark/output/image_vectors/hallmark73.jpg.npy,5
output/hallmark/output/image_vectors/hallmark671.jpg.npy,8
output/hallmark/output/image_vectors/hallmark256.jpg.npy,1
output/hallmark/output/image_vectors/hallmark420.jpg.npy,8
output/hallmark/output/image_vectors/hallmark1000.jpg.npy,8
output/hallmark/output/image_vectors/americangreetings254.jpg.npy,15
output/hallmark/output/image_vectors/hallmark449.jpg.npy,8
output/hallmark/output/image_vectors/hallmark601.jpg.npy,5
output/hallmark/output/image_vectors/americangreetings215.jpg.npy,3
output/hallmark/output/image_vectors/hallmark958.jpg.npy,7
output/hallmark/output/image_vectors/hallmark755.jpg.npy,4
output/hallmark/output/image_vectors/hallmark684.jpg.npy,10
output/hallmark/output/image_vectors/hallmark81.jpg.npy,4
output/hallmark/output/image_vectors/lovepopcards124.jpg.npy,12
output/hallmark/output/image_vectors/americangreetings239.jpg.npy,16
output/hallmark/output/image_vectors/hallmark504.jpg.npy,3
output/hallmark/output/image_vectors/hallmark831.jpg.npy,3
output/hallmark/output/image_vectors/hallmark992.jpg.npy,7
output/hallmark/output/image_vectors/lovepopcards206.jpg.npy,9
output/hallmark/output/image_vectors/hallmark856.jpg.npy,9
output/hallmark/output/image_vectors/hallmark576.jpg.npy,5
output/hallmark/output/image_vectors/hallmark473.jpg.npy,13
output/hallmark/output/image_vectors/hallmark656.jpg.npy,5
output/hallmark/output/image_vectors/hallmark271.jpg.npy,11
output/hallmark/output/image_vectors/hallmark628.jpg.npy,8
output/hallmark/output/image_vectors/lovepopcards137.jpg.npy,2
output/hallmark/output/image_vectors/hallmark578.jpg.npy,5
output/hallmark/output/image_vectors/hallmark919.jpg.npy,8
output/hallmark/output/image_vectors/hallmark90.jpg.npy,2
output/hallmark/output/image_vectors/hallmark501.jpg.npy,3
output/hallmark/output/image_vectors/lovepopcards127.jpg.npy,6
output/hallmark/output/image_vectors/americangreetings195.jpg.npy,10
output/hallmark/output/image_vectors/americangreetings252.jpg.npy,3
output/hallmark/output/image_vectors/americangreetings46.jpg.npy,3
output/hallmark/output/image_vectors/hallmark911.jpg.npy,10
output/hallmark/output/image_vectors/lovepopcards201.jpg.npy,6
output/hallmark/output/image_vectors/hallmark66.jpg.npy,1
output/hallmark/output/image_vectors/hallmark316.jpg.npy,11
output/hallmark/output/image_vectors/hallmark64.jpg.npy,4
output/hallmark/output/image_vectors/hallmark295.jpg.npy,1
output/hallmark/output/image_vectors/americangreetings24.jpg.npy,8
output/hallmark/output/image_vectors/hallmark746.jpg.npy,2
output/hallmark/output/image_vectors/hallmark925.jpg.npy,8
output/hallmark/output/image_vectors/hallmark784.jpg.npy,8
output/hallmark/output/image_vectors/americangreetings209.jpg.npy,4
output/hallmark/output/image_vectors/hallmark549.jpg.npy,8
output/hallmark/output/image_vectors/americangreetings130.jpg.npy,11
output/hallmark/output/image_vectors/hallmark691.jpg.npy,4
output/hallmark/output/image_vectors/hallmark476.jpg.npy,9
output/hallmark/output/image_vectors/hallmark404.jpg.npy,17
output/hallmark/output/image_vectors/americangreetings28.jpg.npy,3
output/hallmark/output/image_vectors/hallmark852.jpg.npy,9
output/hallmark/output/image_vectors/hallmark805.jpg.npy,15
output/hallmark/output/image_vectors/lovepopcards212.jpg.npy,9
output/hallmark/output/image_vectors/hallmark707.jpg.npy,17
output/hallmark/output/image_vectors/hallmark425.jpg.npy,6
output/hallmark/output/image_vectors/hallmark129.jpg.npy,4
output/hallmark/output/image_vectors/americangreetings142.jpg.npy,8
output/hallmark/output/image_vectors/hallmark372.jpg.npy,1
output/hallmark/output/image_vectors/hallmark239.jpg.npy,11
output/hallmark/output/image_vectors/americangreetings84.jpg.npy,3
output/hallmark/output/image_vectors/hallmark275.jpg.npy,1
output/hallmark/output/image_vectors/hallmark945.jpg.npy,3
output/hallmark/output/image_vectors/americangreetings72.jpg.npy,3
output/hallmark/output/image_vectors/lovepopcards152.jpg.npy,12
output/hallmark/output/image_vectors/hallmark466.jpg.npy,7
output/hallmark/output/image_vectors/hallmark343.jpg.npy,1
output/hallmark/output/image_vectors/hallmark949.jpg.npy,7
output/hallmark/output/image_vectors/americangreetings11.jpg.npy,13
output/hallmark/output/image_vectors/lovepopcards76.jpg.npy,13
output/hallmark/output/image_vectors/hallmark835.jpg.npy,15
output/hallmark/output/image_vectors/hallmark228.jpg.npy,15
output/hallmark/output/image_vectors/hallmark402.jpg.npy,5
output/hallmark/output/image_vectors/hallmark306.jpg.npy,3
output/hallmark/output/image_vectors/hallmark394.jpg.npy,17
output/hallmark/output/image_vectors/hallmark514.jpg.npy,10
output/hallmark/output/image_vectors/hallmark500.jpg.npy,4
output/hallmark/output/image_vectors/americangreetings216.jpg.npy,5
output/hallmark/output/image_vectors/hallmark185.jpg.npy,16
output/hallmark/output/image_vectors/hallmark679.jpg.npy,10
output/hallmark/output/image_vectors/americangreetings92.jpg.npy,6
output/hallmark/output/image_vectors/americangreetings191.jpg.npy,3
output/hallmark/output/image_vectors/hallmark253.jpg.npy,1
output/hallmark/output/image_vectors/hallmark477.jpg.npy,15
output/hallmark/output/image_vectors/hallmark358.jpg.npy,8
output/hallmark/output/image_vectors/hallmark385.jpg.npy,8
output/hallmark/output/image_vectors/lovepopcards88.jpg.npy,6
output/hallmark/output/image_vectors/hallmark898.jpg.npy,3
output/hallmark/output/image_vectors/hallmark117.jpg.npy,8
output/hallmark/output/image_vectors/americangreetings0.jpg.npy,8
output/hallmark/output/image_vectors/hallmark920.jpg.npy,3
output/hallmark/output/image_vectors/hallmark468.jpg.npy,17
output/hallmark/output/image_vectors/americangreetings233.jpg.npy,3
output/hallmark/output/image_vectors/americangreetings261.jpg.npy,2
output/hallmark/output/image_vectors/americangreetings4.jpg.npy,16
output/hallmark/output/image_vectors/hallmark597.jpg.npy,13
output/hallmark/output/image_vectors/hallmark933.jpg.npy,15
output/hallmark/output/image_vectors/hallmark999.jpg.npy,3
output/hallmark/output/image_vectors/hallmark603.jpg.npy,6
output/hallmark/output/image_vectors/hallmark221.jpg.npy,5
output/hallmark/output/image_vectors/hallmark215.jpg.npy,16
output/hallmark/output/image_vectors/lovepopcards81.jpg.npy,6
output/hallmark/output/image_vectors/hallmark689.jpg.npy,11
output/hallmark/output/image_vectors/hallmark779.jpg.npy,8
output/hallmark/output/image_vectors/hallmark619.jpg.npy,17
output/hallmark/output/image_vectors/hallmark683.jpg.npy,16
output/hallmark/output/image_vectors/hallmark730.jpg.npy,7
output/hallmark/output/image_vectors/hallmark873.jpg.npy,15
output/hallmark/output/image_vectors/lovepopcards24.jpg.npy,6
output/hallmark/output/image_vectors/hallmark223.jpg.npy,3
output/hallmark/output/image_vectors/americangreetings207.jpg.npy,3
output/hallmark/output/image_vectors/hallmark991.jpg.npy,7
output/hallmark/output/image_vectors/hallmark214.jpg.npy,9
output/hallmark/output/image_vectors/hallmark932.jpg.npy,6
output/hallmark/output/image_vectors/hallmark569.jpg.npy,3
output/hallmark/output/image_vectors/hallmark874.jpg.npy,8
output/hallmark/output/image_vectors/hallmark454.jpg.npy,17
output/hallmark/output/image_vectors/lovepopcards123.jpg.npy,8
output/hallmark/output/image_vectors/hallmark354.jpg.npy,12
output/hallmark/output/image_vectors/hallmark623.jpg.npy,5
output/hallmark/output/image_vectors/hallmark157.jpg.npy,16
output/hallmark/output/image_vectors/hallmark786.jpg.npy,8
output/hallmark/output/image_vectors/hallmark132.jpg.npy,0
output/hallmark/output/image_vectors/hallmark174.jpg.npy,16
output/hallmark/output/image_vectors/americangreetings96.jpg.npy,5
output/hallmark/output/image_vectors/lovepopcards194.jpg.npy,17
output/hallmark/output/image_vectors/hallmark187.jpg.npy,5
output/hallmark/output/image_vectors/hallmark29.jpg.npy,17
output/hallmark/output/image_vectors/hallmark910.jpg.npy,3
output/hallmark/output/image_vectors/hallmark463.jpg.npy,17
output/hallmark/output/image_vectors/hallmark433.jpg.npy,8
output/hallmark/output/image_vectors/hallmark327.jpg.npy,1
output/hallmark/output/image_vectors/hallmark787.jpg.npy,2
output/hallmark/output/image_vectors/americangreetings82.jpg.npy,8
output/hallmark/output/image_vectors/hallmark184.jpg.npy,16
output/hallmark/output/image_vectors/americangreetings229.jpg.npy,15
output/hallmark/output/image_vectors/hallmark611.jpg.npy,10
output/hallmark/output/image_vectors/americangreetings206.jpg.npy,8
output/hallmark/output/image_vectors/hallmark535.jpg.npy,17
output/hallmark/output/image_vectors/hallmark948.jpg.npy,4
output/hallmark/output/image_vectors/hallmark234.jpg.npy,17
output/hallmark/output/image_vectors/hallmark313.jpg.npy,11
output/hallmark/output/image_vectors/hallmark661.jpg.npy,10
output/hallmark/output/image_vectors/hallmark116.jpg.npy,10
output/hallmark/output/image_vectors/americangreetings104.jpg.npy,11
output/hallmark/output/image_vectors/hallmark590.jpg.npy,5
output/hallmark/output/image_vectors/americangreetings5.jpg.npy,10
output/hallmark/output/image_vectors/hallmark748.jpg.npy,5
output/hallmark/output/image_vectors/americangreetings264.jpg.npy,2
output/hallmark/output/image_vectors/hallmark950.jpg.npy,4
output/hallmark/output/image_vectors/hallmark614.jpg.npy,16
output/hallmark/output/image_vectors/lovepopcards55.jpg.npy,14
output/hallmark/output/image_vectors/lovepopcards207.jpg.npy,6
output/hallmark/output/image_vectors/hallmark286.jpg.npy,8
output/hallmark/output/image_vectors/hallmark337.jpg.npy,12
output/hallmark/output/image_vectors/americangreetings189.jpg.npy,15
output/hallmark/output/image_vectors/hallmark400.jpg.npy,7
output/hallmark/output/image_vectors/americangreetings161.jpg.npy,8
output/hallmark/output/image_vectors/americangreetings40.jpg.npy,3
output/hallmark/output/image_vectors/hallmark550.jpg.npy,15
output/hallmark/output/image_vectors/americangreetings259.jpg.npy,2
output/hallmark/output/image_vectors/hallmark96.jpg.npy,17
output/hallmark/output/image_vectors/americangreetings60.jpg.npy,3
output/hallmark/output/image_vectors/hallmark868.jpg.npy,3
output/hallmark/output/image_vectors/americangreetings160.jpg.npy,3
output/hallmark/output/image_vectors/hallmark44.jpg.npy,0
output/hallmark/output/image_vectors/hallmark739.jpg.npy,8
output/hallmark/output/image_vectors/lovepopcards219.jpg.npy,9
output/hallmark/output/image_vectors/hallmark608.jpg.npy,8
output/hallmark/output/image_vectors/hallmark508.jpg.npy,9
output/hallmark/output/image_vectors/lovepopcards177.jpg.npy,13
output/hallmark/output/image_vectors/hallmark681.jpg.npy,10
output/hallmark/output/image_vectors/americangreetings174.jpg.npy,5
output/hallmark/output/image_vectors/lovepopcards191.jpg.npy,12
output/hallmark/output/image_vectors/hallmark451.jpg.npy,2
output/hallmark/output/image_vectors/hallmark877.jpg.npy,8
output/hallmark/output/image_vectors/hallmark267.jpg.npy,2
output/hallmark/output/image_vectors/lovepopcards184.jpg.npy,6
output/hallmark/output/image_vectors/americangreetings122.jpg.npy,8
output/hallmark/output/image_vectors/hallmark188.jpg.npy,0
output/hallmark/output/image_vectors/lovepopcards172.jpg.npy,12
output/hallmark/output/image_vectors/lovepopcards171.jpg.npy,9
output/hallmark/output/image_vectors/hallmark62.jpg.npy,1
output/hallmark/output/image_vectors/hallmark121.jpg.npy,4
output/hallmark/output/image_vectors/hallmark6.jpg.npy,11
output/hallmark/output/image_vectors/hallmark538.jpg.npy,4
output/hallmark/output/image_vectors/hallmark67.jpg.npy,11
output/hallmark/output/image_vectors/hallmark854.jpg.npy,2
output/hallmark/output/image_vectors/lovepopcards26.jpg.npy,14
output/hallmark/output/image_vectors/hallmark969.jpg.npy,5
output/hallmark/output/image_vectors/americangreetings273.jpg.npy,8
output/hallmark/output/image_vectors/hallmark405.jpg.npy,13
output/hallmark/output/image_vectors/lovepopcards187.jpg.npy,12
output/hallmark/output/image_vectors/hallmark573.jpg.npy,10
output/hallmark/output/image_vectors/hallmark622.jpg.npy,12
output/hallmark/output/image_vectors/hallmark892.jpg.npy,3
output/hallmark/output/image_vectors/hallmark88.jpg.npy,16
output/hallmark/output/image_vectors/hallmark561.jpg.npy,10
output/hallmark/output/image_vectors/americangreetings179.jpg.npy,3
output/hallmark/output/image_vectors/hallmark674.jpg.npy,10
output/hallmark/output/image_vectors/lovepopcards36.jpg.npy,12
output/hallmark/output/image_vectors/lovepopcards164.jpg.npy,6
output/hallmark/output/image_vectors/lovepopcards79.jpg.npy,6
output/hallmark/output/image_vectors/hallmark577.jpg.npy,10
output/hallmark/output/image_vectors/hallmark844.jpg.npy,3
output/hallmark/output/image_vectors/hallmark802.jpg.npy,17
output/hallmark/output/image_vectors/hallmark336.jpg.npy,11
output/hallmark/output/image_vectors/hallmark140.jpg.npy,4
output/hallmark/output/image_vectors/hallmark395.jpg.npy,5
output/hallmark/output/image_vectors/americangreetings35.jpg.npy,8
output/hallmark/output/image_vectors/lovepopcards131.jpg.npy,13
output/hallmark/output/image_vectors/americangreetings258.jpg.npy,3
output/hallmark/output/image_vectors/hallmark605.jpg.npy,16
output/hallmark/output/image_vectors/hallmark635.jpg.npy,10
output/hallmark/output/image_vectors/americangreetings184.jpg.npy,11
output/hallmark/output/image_vectors/hallmark696.jpg.npy,3
output/hallmark/output/image_vectors/hallmark151.jpg.npy,16
output/hallmark/output/image_vectors/hallmark776.jpg.npy,5
output/hallmark/output/image_vectors/lovepopcards10.jpg.npy,6
output/hallmark/output/image_vectors/hallmark312.jpg.npy,4
output/hallmark/output/image_vectors/hallmark262.jpg.npy,1
output/hallmark/output/image_vectors/hallmark967.jpg.npy,16
output/hallmark/output/image_vectors/lovepopcards43.jpg.npy,6
output/hallmark/output/image_vectors/hallmark594.jpg.npy,10
output/hallmark/output/image_vectors/hallmark284.jpg.npy,13
output/hallmark/output/image_vectors/hallmark882.jpg.npy,8
output/hallmark/output/image_vectors/hallmark670.jpg.npy,5
output/hallmark/output/image_vectors/hallmark243.jpg.npy,16
output/hallmark/output/image_vectors/americangreetings61.jpg.npy,12
output/hallmark/output/image_vectors/hallmark168.jpg.npy,16
output/hallmark/output/image_vectors/hallmark218.jpg.npy,12
output/hallmark/output/image_vectors/hallmark370.jpg.npy,1
output/hallmark/output/image_vectors/hallmark111.jpg.npy,4
output/hallmark/output/image_vectors/hallmark277.jpg.npy,1
output/hallmark/output/image_vectors/hallmark946.jpg.npy,0
output/hallmark/output/image_vectors/hallmark54.jpg.npy,17
output/hallmark/output/image_vectors/lovepopcards168.jpg.npy,12
output/hallmark/output/image_vectors/hallmark996.jpg.npy,16
output/hallmark/output/image_vectors/hallmark48.jpg.npy,1
output/hallmark/output/image_vectors/hallmark806.jpg.npy,13
output/hallmark/output/image_vectors/hallmark282.jpg.npy,13
output/hallmark/output/image_vectors/hallmark493.jpg.npy,13
output/hallmark/output/image_vectors/americangreetings212.jpg.npy,15
output/hallmark/output/image_vectors/americangreetings116.jpg.npy,8
output/hallmark/output/image_vectors/lovepopcards46.jpg.npy,14
output/hallmark/output/image_vectors/hallmark832.jpg.npy,9
output/hallmark/output/image_vectors/hallmark912.jpg.npy,8
output/hallmark/output/image_vectors/hallmark202.jpg.npy,8
output/hallmark/output/image_vectors/americangreetings203.jpg.npy,8
output/hallmark/output/image_vectors/americangreetings59.jpg.npy,15
output/hallmark/output/image_vectors/hallmark299.jpg.npy,13
output/hallmark/output/image_vectors/hallmark539.jpg.npy,8
output/hallmark/output/image_vectors/hallmark152.jpg.npy,5
output/hallmark/output/image_vectors/lovepopcards119.jpg.npy,13
output/hallmark/output/image_vectors/hallmark280.jpg.npy,2
output/hallmark/output/image_vectors/hallmark616.jpg.npy,10
output/hallmark/output/image_vectors/lovepopcards115.jpg.npy,6
output/hallmark/output/image_vectors/hallmark490.jpg.npy,3
output/hallmark/output/image_vectors/americangreetings12.jpg.npy,1
output/hallmark/output/image_vectors/hallmark855.jpg.npy,13
output/hallmark/output/image_vectors/hallmark527.jpg.npy,17
output/hallmark/output/image_vectors/hallmark793.jpg.npy,16
output/hallmark/output/image_vectors/hallmark414.jpg.npy,15
output/hallmark/output/image_vectors/americangreetings88.jpg.npy,17
output/hallmark/output/image_vectors/hallmark963.jpg.npy,6
output/hallmark/output/image_vectors/lovepopcards105.jpg.npy,9
output/hallmark/output/image_vectors/lovepopcards54.jpg.npy,12
output/hallmark/output/image_vectors/americangreetings63.jpg.npy,9
output/hallmark/output/image_vectors/hallmark944.jpg.npy,0
output/hallmark/output/image_vectors/hallmark274.jpg.npy,1
output/hallmark/output/image_vectors/hallmark740.jpg.npy,8
output/hallmark/output/image_vectors/americangreetings34.jpg.npy,8
output/hallmark/output/image_vectors/lovepopcards93.jpg.npy,6
output/hallmark/output/image_vectors/hallmark323.jpg.npy,15
output/hallmark/output/image_vectors/hallmark607.jpg.npy,8
output/hallmark/output/image_vectors/lovepopcards188.jpg.npy,13
output/hallmark/output/image_vectors/hallmark173.jpg.npy,2
output/hallmark/output/image_vectors/americangreetings58.jpg.npy,15
output/hallmark/output/image_vectors/americangreetings272.jpg.npy,3
output/hallmark/output/image_vectors/hallmark732.jpg.npy,3
output/hallmark/output/image_vectors/hallmark935.jpg.npy,3
output/hallmark/output/image_vectors/lovepopcards35.jpg.npy,6
output/hallmark/output/image_vectors/hallmark387.jpg.npy,17
output/hallmark/output/image_vectors/hallmark97.jpg.npy,17
output/hallmark/output/image_vectors/hallmark51.jpg.npy,6
output/hallmark/output/image_vectors/americangreetings129.jpg.npy,3
output/hallmark/output/image_vectors/hallmark553.jpg.npy,8
output/hallmark/output/image_vectors/hallmark641.jpg.npy,8
output/hallmark/output/image_vectors/americangreetings13.jpg.npy,15
output/hallmark/output/image_vectors/hallmark495.jpg.npy,17
output/hallmark/output/image_vectors/hallmark559.jpg.npy,10
output/hallmark/output/image_vectors/hallmark40.jpg.npy,3
output/hallmark/output/image_vectors/hallmark259.jpg.npy,12
output/hallmark/output/image_vectors/hallmark804.jpg.npy,11
output/hallmark/output/image_vectors/hallmark216.jpg.npy,16
output/hallmark/output/image_vectors/hallmark76.jpg.npy,16
output/hallmark/output/image_vectors/hallmark914.jpg.npy,10
output/hallmark/output/image_vectors/hallmark124.jpg.npy,17
output/hallmark/output/image_vectors/hallmark70.jpg.npy,8
output/hallmark/output/image_vectors/hallmark816.jpg.npy,13
output/hallmark/output/image_vectors/hallmark997.jpg.npy,7
output/hallmark/output/image_vectors/hallmark890.jpg.npy,6
output/hallmark/output/image_vectors/hallmark713.jpg.npy,4
output/hallmark/output/image_vectors/hallmark37.jpg.npy,4
output/hallmark/output/image_vectors/hallmark894.jpg.npy,10
output/hallmark/output/image_vectors/hallmark574.jpg.npy,10
output/hallmark/output/image_vectors/hallmark388.jpg.npy,8
output/hallmark/output/image_vectors/hallmark159.jpg.npy,5
output/hallmark/output/image_vectors/hallmark21.jpg.npy,15
output/hallmark/output/image_vectors/hallmark978.jpg.npy,8
output/hallmark/output/image_vectors/hallmark726.jpg.npy,1
output/hallmark/output/image_vectors/hallmark794.jpg.npy,5
output/hallmark/output/image_vectors/hallmark974.jpg.npy,0
output/hallmark/output/image_vectors/hallmark617.jpg.npy,10
output/hallmark/output/image_vectors/hallmark839.jpg.npy,17
output/hallmark/output/image_vectors/hallmark499.jpg.npy,8
output/hallmark/output/image_vectors/hallmark859.jpg.npy,3
output/hallmark/output/image_vectors/hallmark986.jpg.npy,7
output/hallmark/output/image_vectors/hallmark301.jpg.npy,15
output/hallmark/output/image_vectors/hallmark13.jpg.npy,17
output/hallmark/output/image_vectors/hallmark940.jpg.npy,16
output/hallmark/output/image_vectors/americangreetings240.jpg.npy,2
output/hallmark/output/image_vectors/americangreetings1.jpg.npy,8
output/hallmark/output/image_vectors/hallmark231.jpg.npy,11
output/hallmark/output/image_vectors/americangreetings169.jpg.npy,15
output/hallmark/output/image_vectors/hallmark448.jpg.npy,16
output/hallmark/output/image_vectors/lovepopcards116.jpg.npy,6
output/hallmark/output/image_vectors/hallmark206.jpg.npy,8
output/hallmark/output/image_vectors/americangreetings227.jpg.npy,15
output/hallmark/output/image_vectors/hallmark86.jpg.npy,13
output/hallmark/output/image_vectors/hallmark511.jpg.npy,8
output/hallmark/output/image_vectors/hallmark626.jpg.npy,8
output/hallmark/output/image_vectors/hallmark826.jpg.npy,17
output/hallmark/output/image_vectors/hallmark72.jpg.npy,5
output/hallmark/output/image_vectors/hallmark148.jpg.npy,0
output/hallmark/output/image_vectors/hallmark847.jpg.npy,3
output/hallmark/output/image_vectors/lovepopcards48.jpg.npy,12
output/hallmark/output/image_vectors/hallmark199.jpg.npy,16
output/hallmark/output/image_vectors/hallmark812.jpg.npy,15
output/hallmark/output/image_vectors/hallmark235.jpg.npy,8
output/hallmark/output/image_vectors/hallmark541.jpg.npy,4
output/hallmark/output/image_vectors/hallmark765.jpg.npy,8
output/hallmark/output/image_vectors/americangreetings176.jpg.npy,8
output/hallmark/output/image_vectors/americangreetings155.jpg.npy,17
output/hallmark/output/image_vectors/hallmark204.jpg.npy,16
output/hallmark/output/image_vectors/hallmark658.jpg.npy,10
output/hallmark/output/image_vectors/hallmark506.jpg.npy,10
output/hallmark/output/image_vectors/hallmark956.jpg.npy,0
output/hallmark/output/image_vectors/hallmark706.jpg.npy,13
output/hallmark/output/image_vectors/hallmark38.jpg.npy,8
output/hallmark/output/image_vectors/lovepopcards89.jpg.npy,19
output/hallmark/output/image_vectors/hallmark638.jpg.npy,6
output/hallmark/output/image_vectors/hallmark1001.jpg.npy,17
output/hallmark/output/image_vectors/hallmark377.jpg.npy,5
output/hallmark/output/image_vectors/americangreetings57.jpg.npy,3
output/hallmark/output/image_vectors/hallmark520.jpg.npy,4
output/hallmark/output/image_vectors/hallmark860.jpg.npy,11
output/hallmark/output/image_vectors/hallmark694.jpg.npy,3
output/hallmark/output/image_vectors/lovepopcards58.jpg.npy,14
output/hallmark/output/image_vectors/hallmark720.jpg.npy,2
output/hallmark/output/image_vectors/lovepopcards32.jpg.npy,12
output/hallmark/output/image_vectors/hallmark61.jpg.npy,17
output/hallmark/output/image_vectors/hallmark251.jpg.npy,8
output/hallmark/output/image_vectors/hallmark530.jpg.npy,4
output/hallmark/output/image_vectors/hallmark889.jpg.npy,9
output/hallmark/output/image_vectors/hallmark384.jpg.npy,3
output/hallmark/output/image_vectors/hallmark369.jpg.npy,15
output/hallmark/output/image_vectors/hallmark659.jpg.npy,15
output/hallmark/output/image_vectors/lovepopcards118.jpg.npy,9
output/hallmark/output/image_vectors/hallmark378.jpg.npy,8
output/hallmark/output/image_vectors/americangreetings132.jpg.npy,1
output/hallmark/output/image_vectors/americangreetings90.jpg.npy,15
output/hallmark/output/image_vectors/lovepopcards80.jpg.npy,6
output/hallmark/output/image_vectors/hallmark913.jpg.npy,8
output/hallmark/output/image_vectors/americangreetings74.jpg.npy,8
output/hallmark/output/image_vectors/lovepopcards14.jpg.npy,12
output/hallmark/output/image_vectors/americangreetings139.jpg.npy,5
output/hallmark/output/image_vectors/hallmark1006.jpg.npy,8
output/hallmark/output/image_vectors/hallmark194.jpg.npy,11
output/hallmark/output/image_vectors/lovepopcards0.jpg.npy,8
output/hallmark/output/image_vectors/americangreetings76.jpg.npy,8
output/hallmark/output/image_vectors/americangreetings128.jpg.npy,11
output/hallmark/output/image_vectors/americangreetings125.jpg.npy,4
output/hallmark/output/image_vectors/hallmark165.jpg.npy,4
output/hallmark/output/image_vectors/lovepopcards129.jpg.npy,3
output/hallmark/output/image_vectors/americangreetings163.jpg.npy,8
output/hallmark/output/image_vectors/hallmark320.jpg.npy,1
output/hallmark/output/image_vectors/hallmark660.jpg.npy,4
output/hallmark/output/image_vectors/hallmark957.jpg.npy,16
output/hallmark/output/image_vectors/hallmark818.jpg.npy,6
output/hallmark/output/image_vectors/lovepopcards189.jpg.npy,12
output/hallmark/output/image_vectors/hallmark211.jpg.npy,16
output/hallmark/output/image_vectors/hallmark153.jpg.npy,3
output/hallmark/output/image_vectors/hallmark751.jpg.npy,3
output/hallmark/output/image_vectors/americangreetings249.jpg.npy,8
output/hallmark/output/image_vectors/hallmark872.jpg.npy,17
output/hallmark/output/image_vectors/lovepopcards167.jpg.npy,4
output/hallmark/output/image_vectors/hallmark593.jpg.npy,6
output/hallmark/output/image_vectors/lovepopcards22.jpg.npy,6
output/hallmark/output/image_vectors/americangreetings243.jpg.npy,3
output/hallmark/output/image_vectors/hallmark279.jpg.npy,8
output/hallmark/output/image_vectors/americangreetings144.jpg.npy,8
output/hallmark/output/image_vectors/lovepopcards28.jpg.npy,6
output/hallmark/output/image_vectors/hallmark419.jpg.npy,8
output/hallmark/output/image_vectors/hallmark675.jpg.npy,10
output/hallmark/output/image_vectors/lovepopcards176.jpg.npy,6
output/hallmark/output/image_vectors/hallmark893.jpg.npy,15
output/hallmark/output/image_vectors/hallmark123.jpg.npy,17
output/hallmark/output/image_vectors/hallmark175.jpg.npy,16
output/hallmark/output/image_vectors/hallmark176.jpg.npy,2
output/hallmark/output/image_vectors/hallmark315.jpg.npy,1
output/hallmark/output/image_vectors/hallmark881.jpg.npy,3
output/hallmark/output/image_vectors/hallmark389.jpg.npy,8
output/hallmark/output/image_vectors/hallmark687.jpg.npy,10
output/hallmark/output/image_vectors/americangreetings15.jpg.npy,8
output/hallmark/output/image_vectors/americangreetings124.jpg.npy,8
output/hallmark/output/image_vectors/americangreetings164.jpg.npy,4
output/hallmark/output/image_vectors/hallmark820.jpg.npy,9
output/hallmark/output/image_vectors/americangreetings250.jpg.npy,8
output/hallmark/output/image_vectors/americangreetings107.jpg.npy,16
output/hallmark/output/image_vectors/hallmark609.jpg.npy,9
output/hallmark/output/image_vectors/lovepopcards156.jpg.npy,6
output/hallmark/output/image_vectors/hallmark742.jpg.npy,3
output/hallmark/output/image_vectors/hallmark186.jpg.npy,8
output/hallmark/output/image_vectors/hallmark341.jpg.npy,2
output/hallmark/output/image_vectors/hallmark876.jpg.npy,8
output/hallmark/output/image_vectors/americangreetings148.jpg.npy,5
output/hallmark/output/image_vectors/hallmark257.jpg.npy,12
output/hallmark/output/image_vectors/hallmark57.jpg.npy,17
output/hallmark/output/image_vectors/lovepopcards4.jpg.npy,19
output/hallmark/output/image_vectors/americangreetings183.jpg.npy,3
output/hallmark/output/image_vectors/hallmark236.jpg.npy,7
output/hallmark/output/image_vectors/hallmark417.jpg.npy,8
output/hallmark/output/image_vectors/hallmark350.jpg.npy,11
output/hallmark/output/image_vectors/hallmark428.jpg.npy,17
output/hallmark/output/image_vectors/hallmark959.jpg.npy,8
output/hallmark/output/image_vectors/hallmark970.jpg.npy,4
output/hallmark/output/image_vectors/hallmark528.jpg.npy,17
output/hallmark/output/image_vectors/hallmark150.jpg.npy,3
output/hallmark/output/image_vectors/lovepopcards141.jpg.npy,12
output/hallmark/output/image_vectors/hallmark366.jpg.npy,5
output/hallmark/output/image_vectors/hallmark976.jpg.npy,0
output/hallmark/output/image_vectors/hallmark272.jpg.npy,5
output/hallmark/output/image_vectors/hallmark753.jpg.npy,17
output/hallmark/output/image_vectors/hallmark478.jpg.npy,2
output/hallmark/output/image_vectors/lovepopcards142.jpg.npy,9
output/hallmark/output/image_vectors/lovepopcards2.jpg.npy,19
output/hallmark/output/image_vectors/lovepopcards120.jpg.npy,6
output/hallmark/output/image_vectors/americangreetings247.jpg.npy,8
output/hallmark/output/image_vectors/americangreetings126.jpg.npy,1
output/hallmark/output/image_vectors/americangreetings152.jpg.npy,8
output/hallmark/output/image_vectors/hallmark398.jpg.npy,5
output/hallmark/output/image_vectors/americangreetings114.jpg.npy,3
output/hallmark/output/image_vectors/lovepopcards114.jpg.npy,13
output/hallmark/output/image_vectors/americangreetings51.jpg.npy,3
output/hallmark/output/image_vectors/hallmark294.jpg.npy,1
output/hallmark/output/image_vectors/hallmark731.jpg.npy,3
output/hallmark/output/image_vectors/hallmark645.jpg.npy,10
output/hallmark/output/image_vectors/americangreetings265.jpg.npy,3
output/hallmark/output/image_vectors/hallmark770.jpg.npy,6
output/hallmark/output/image_vectors/hallmark682.jpg.npy,16
output/hallmark/output/image_vectors/hallmark298.jpg.npy,1
output/hallmark/output/image_vectors/americangreetings70.jpg.npy,17
output/hallmark/output/image_vectors/lovepopcards34.jpg.npy,6
output/hallmark/output/image_vectors/lovepopcards196.jpg.npy,12
output/hallmark/output/image_vectors/hallmark20.jpg.npy,8
output/hallmark/output/image_vectors/hallmark634.jpg.npy,10
output/hallmark/output/image_vectors/lovepopcards31.jpg.npy,12
output/hallmark/output/image_vectors/hallmark741.jpg.npy,3
output/hallmark/output/image_vectors/hallmark210.jpg.npy,8
output/hallmark/output/image_vectors/lovepopcards186.jpg.npy,17
output/hallmark/output/image_vectors/hallmark766.jpg.npy,3
output/hallmark/output/image_vectors/hallmark401.jpg.npy,17
output/hallmark/output/image_vectors/hallmark762.jpg.npy,3
output/hallmark/output/image_vectors/hallmark143.jpg.npy,0
output/hallmark/output/image_vectors/hallmark738.jpg.npy,5
output/hallmark/output/image_vectors/hallmark994.jpg.npy,18
output/hallmark/output/image_vectors/lovepopcards47.jpg.npy,12
output/hallmark/output/image_vectors/americangreetings159.jpg.npy,16
output/hallmark/output/image_vectors/americangreetings226.jpg.npy,9
output/hallmark/output/image_vectors/hallmark709.jpg.npy,3
output/hallmark/output/image_vectors/hallmark456.jpg.npy,4
output/hallmark/output/image_vectors/hallmark421.jpg.npy,17
output/hallmark/output/image_vectors/hallmark580.jpg.npy,8
output/hallmark/output/image_vectors/hallmark695.jpg.npy,3
output/hallmark/output/image_vectors/hallmark909.jpg.npy,17
output/hallmark/output/image_vectors/hallmark849.jpg.npy,2
output/hallmark/output/image_vectors/lovepopcards153.jpg.npy,6
output/hallmark/output/image_vectors/hallmark875.jpg.npy,3
output/hallmark/output/image_vectors/lovepopcards205.jpg.npy,17
output/hallmark/output/image_vectors/lovepopcards66.jpg.npy,14
output/hallmark/output/image_vectors/hallmark846.jpg.npy,3
output/hallmark/output/image_vectors/americangreetings86.jpg.npy,15
output/hallmark/output/image_vectors/hallmark93.jpg.npy,8
output/hallmark/output/image_vectors/hallmark778.jpg.npy,6
output/hallmark/output/image_vectors/hallmark445.jpg.npy,17
output/hallmark/output/image_vectors/americangreetings127.jpg.npy,15
output/hallmark/output/image_vectors/hallmark555.jpg.npy,4
output/hallmark/output/image_vectors/hallmark418.jpg.npy,17
output/hallmark/output/image_vectors/americangreetings103.jpg.npy,3
output/hallmark/output/image_vectors/lovepopcards136.jpg.npy,13
output/hallmark/output/image_vectors/hallmark52.jpg.npy,2
output/hallmark/output/image_vectors/lovepopcards63.jpg.npy,12
output/hallmark/output/image_vectors/americangreetings50.jpg.npy,15
output/hallmark/output/image_vectors/lovepopcards130.jpg.npy,6
output/hallmark/output/image_vectors/hallmark904.jpg.npy,14
output/hallmark/output/image_vectors/americangreetings248.jpg.npy,8
output/hallmark/output/image_vectors/lovepopcards100.jpg.npy,6
output/hallmark/output/image_vectors/hallmark99.jpg.npy,5
output/hallmark/output/image_vectors/hallmark68.jpg.npy,17
output/hallmark/output/image_vectors/americangreetings171.jpg.npy,8
output/hallmark/output/image_vectors/hallmark10.jpg.npy,6
output/hallmark/output/image_vectors/americangreetings269.jpg.npy,13
output/hallmark/output/image_vectors/hallmark522.jpg.npy,5
output/hallmark/output/image_vectors/hallmark556.jpg.npy,10
output/hallmark/output/image_vectors/hallmark19.jpg.npy,2
output/hallmark/output/image_vectors/hallmark774.jpg.npy,1
output/hallmark/output/image_vectors/hallmark25.jpg.npy,8
output/hallmark/output/image_vectors/hallmark968.jpg.npy,9
output/hallmark/output/image_vectors/hallmark347.jpg.npy,8
output/hallmark/output/image_vectors/hallmark749.jpg.npy,8
output/hallmark/output/image_vectors/hallmark621.jpg.npy,3
output/hallmark/output/image_vectors/hallmark988.jpg.npy,7
output/hallmark/output/image_vectors/americangreetings256.jpg.npy,3
output/hallmark/output/image_vectors/lovepopcards216.jpg.npy,12
output/hallmark/output/image_vectors/americangreetings44.jpg.npy,15
output/hallmark/output/image_vectors/hallmark430.jpg.npy,8
output/hallmark/output/image_vectors/hallmark488.jpg.npy,15
output/hallmark/output/image_vectors/hallmark761.jpg.npy,2
output/hallmark/output/image_vectors/hallmark373.jpg.npy,8
output/hallmark/output/image_vectors/lovepopcards33.jpg.npy,6
output/hallmark/output/image_vectors/hallmark422.jpg.npy,5
output/hallmark/output/image_vectors/hallmark589.jpg.npy,13
output/hallmark/output/image_vectors/lovepopcards213.jpg.npy,13
output/hallmark/output/image_vectors/hallmark971.jpg.npy,4
output/hallmark/output/image_vectors/hallmark600.jpg.npy,12
output/hallmark/output/image_vectors/hallmark265.jpg.npy,1
output/hallmark/output/image_vectors/hallmark596.jpg.npy,15
output/hallmark/output/image_vectors/hallmark851.jpg.npy,3
output/hallmark/output/image_vectors/lovepopcards218.jpg.npy,9
output/hallmark/output/image_vectors/hallmark462.jpg.npy,8
output/hallmark/output/image_vectors/hallmark479.jpg.npy,3
output/hallmark/output/image_vectors/hallmark17.jpg.npy,15
output/hallmark/output/image_vectors/hallmark443.jpg.npy,13
output/hallmark/output/image_vectors/hallmark942.jpg.npy,0
output/hallmark/output/image_vectors/lovepopcards181.jpg.npy,9
output/hallmark/output/image_vectors/hallmark237.jpg.npy,16
output/hallmark/output/image_vectors/hallmark444.jpg.npy,17
output/hallmark/output/image_vectors/hallmark196.jpg.npy,11
output/hallmark/output/image_vectors/hallmark934.jpg.npy,1
output/hallmark/output/image_vectors/americangreetings237.jpg.npy,15
output/hallmark/output/image_vectors/hallmark178.jpg.npy,2
output/hallmark/output/image_vectors/hallmark399.jpg.npy,8
output/hallmark/output/image_vectors/hallmark103.jpg.npy,0
output/hallmark/output/image_vectors/hallmark181.jpg.npy,2
output/hallmark/output/image_vectors/lovepopcards160.jpg.npy,16
output/hallmark/output/image_vectors/hallmark208.jpg.npy,8
